byte offset: 0
first index: 0
index count: 3318
topology: trianglelist
format: DXGI_FORMAT_R16_UINT

0 1 2
1 0 3
3 4 1
2 1 5
1 4 5
6 3 0
4 3 6
7 6 0
0 8 7
8 9 7
9 10 7
10 11 7
6 7 12
13 12 7
13 7 11
12 13 14
15 12 14
14 16 15
16 17 15
18 4 6
6 12 18
15 18 12
4 18 19
19 5 4
18 20 19
20 18 15
17 20 15
21 20 17
19 20 22
20 21 22
19 22 23
19 23 5
24 22 21
22 24 25
26 22 25
23 22 26
27 23 26
27 28 23
23 28 29
23 29 5
28 30 29
31 30 28
30 31 32
31 33 32
33 31 34
35 33 34
29 30 36
30 32 36
29 36 5
37 36 32
36 37 5
38 37 32
38 39 37
37 39 40
39 41 40
39 42 41
40 41 43
44 40 43
40 44 37
43 45 44
45 46 44
47 44 46
44 47 37
2 47 46
46 45 48
46 48 0
46 0 2
45 49 48
43 50 45
50 49 45
43 41 50
41 42 50
37 47 5
47 2 5
39 38 51
52 39 51
51 53 52
35 53 51
53 54 52
35 55 53
55 54 53
34 55 35
56 55 34
55 56 57
56 58 57
56 34 59
59 34 31
60 59 31
59 60 61
62 59 61
56 59 62
62 58 56
61 63 62
64 63 61
65 64 61
60 65 61
63 64 66
67 63 66
63 67 62
62 67 58
68 67 66
64 65 69
70 64 69
65 71 69
60 71 65
70 69 72
69 71 72
73 70 72
72 74 73
74 72 71
74 75 73
71 60 76
77 71 76
77 76 28
77 28 27
78 77 27
71 77 78
78 27 79
76 31 28
80 78 79
80 71 78
81 80 79
76 60 31
79 25 81
25 82 81
82 25 24
83 82 24
83 24 84
83 84 85
84 16 85
82 83 86
83 87 86
86 87 88
87 89 88
90 86 88
86 90 82
90 81 82
91 88 89
88 91 92
92 90 88
92 93 90
92 94 93
93 94 74
93 74 71
93 71 80
91 95 92
95 94 92
94 95 96
75 94 96
74 94 75
96 97 75
97 73 75
73 97 98
70 73 98
70 98 99
64 70 99
93 80 81
90 93 81
99 98 100
100 97 96
97 100 98
101 100 96
96 95 101
95 102 101
102 103 101
103 102 104
104 102 91
102 95 91
105 101 103
100 106 105
105 106 101
107 108 109
108 110 109
108 111 110
111 112 110
112 111 113
112 113 114
111 108 115
108 116 115
108 107 116
107 117 116
111 115 118
119 111 118
120 114 113
118 115 121
115 122 121
115 116 122
116 123 122
123 116 117
124 123 117
122 125 121
125 122 123
125 126 121
127 125 123
123 124 127
124 128 127
126 125 129
125 127 129
127 128 129
117 130 124
128 124 131
124 130 131
132 128 131
128 132 129
133 132 131
132 133 129
134 133 131
131 135 134
131 130 135
135 136 134
135 137 136
137 135 130
137 138 136
137 139 138
139 140 138
139 137 141
141 137 130
139 141 109
109 141 107
140 139 142
139 143 142
109 144 139
144 143 139
145 144 109
110 145 109
110 112 145
112 146 145
112 114 146
114 147 146
148 149 150
149 151 150
150 152 148
152 150 153
150 151 154
153 150 154
151 155 154
152 153 156
152 156 157
158 152 157
148 152 158
159 148 158
160 159 158
159 160 161
153 162 156
160 158 163
158 157 163
160 163 161
159 164 148
164 159 161
164 149 148
165 166 167
166 168 167
166 165 169
169 170 166
166 170 168
169 165 171
165 167 171
170 172 168
167 173 171
174 173 167
174 167 175
175 167 168
176 177 178
177 179 178
180 177 176
180 181 177
182 181 180
183 177 181
183 179 177
184 183 181
182 184 181
182 185 184
183 186 179
185 182 187
188 185 187
188 187 189
188 189 190
190 185 188
189 191 190
192 191 189
192 189 193
194 185 190
184 185 194
195 184 194
196 193 189
197 196 189
196 198 193
193 198 199
200 198 196
200 199 198
201 199 200
201 200 202
202 200 203
203 204 202
199 201 205
205 201 206
201 202 206
207 205 206
207 208 205
208 209 205
209 199 205
199 209 210
209 211 210
209 208 211
212 210 211
213 212 211
213 211 214
208 214 211
193 210 212
203 215 204
215 216 204
217 216 215
218 217 215
197 217 218
203 218 215
219 218 203
219 197 218
219 196 197
219 200 196
203 200 219
193 199 210
193 212 192
11 220 221
13 11 221
11 10 220
32 33 51
33 35 51
38 32 51
21 17 84
21 84 24
84 17 16
67 68 222
67 222 58
58 222 57
222 223 57
224 222 68
224 223 222
66 224 68
26 25 79
79 27 26
225 226 227
226 228 227
228 229 227
226 230 228
231 230 226
231 232 230
231 226 233
226 225 233
230 232 234
234 232 235
234 236 230
235 236 234
237 236 235
228 230 238
230 236 238
229 239 227
239 240 227
239 241 240
241 242 240
243 240 242
244 240 243
242 245 243
245 246 243
244 243 247
246 248 243
248 247 243
246 245 249
245 250 249
250 245 251
245 252 251
241 252 242
242 252 245
246 253 248
253 254 248
255 254 253
250 251 256
257 250 256
257 258 250
258 249 250
257 256 259
258 257 259
260 252 261
261 262 260
262 263 260
264 263 262
252 265 261
241 265 252
266 267 268
268 269 266
270 269 268
271 270 268
272 270 271
273 272 271
267 266 274
266 275 274
266 269 276
275 266 276
269 277 276
277 278 276
271 268 279
268 267 279
280 271 279
271 280 273
280 281 273
282 273 281
282 272 273
272 282 283
284 282 281
282 284 285
286 275 276
276 278 286
272 283 287
270 272 287
277 269 287
269 270 287
278 288 286
286 288 289
288 290 289
291 289 290
289 291 292
293 292 291
293 294 292
294 295 292
295 294 296
297 295 296
298 293 291
299 292 295
299 289 292
300 299 295
295 297 300
275 299 300
274 275 300
274 300 301
297 301 300
302 274 301
267 274 302
303 267 302
302 304 303
304 302 301
304 305 303
303 305 279
279 267 303
279 305 306
307 279 306
308 307 306
309 308 306
308 309 310
311 310 309
312 311 309
313 304 301
301 297 313
297 314 313
314 297 315
297 316 315
315 316 317
318 315 317
318 317 319
320 318 319
320 319 321
319 322 321
322 319 323
319 317 323
316 296 317
296 323 317
297 296 316
296 294 324
294 325 324
324 325 326
327 324 326
328 326 325
329 328 325
325 293 329
325 294 293
327 326 330
326 328 330
298 331 293
331 332 293
332 331 333
334 335 336
334 336 337
336 338 337
339 337 338
340 339 338
341 334 337
342 341 337
342 337 343
337 339 343
342 344 341
345 343 339
346 345 339
339 340 346
345 346 347
346 348 347
346 349 348
340 349 346
349 350 348
351 348 350
352 351 350
351 353 348
353 347 348
347 353 354
351 352 355
352 356 355
355 356 357
356 358 357
355 357 359
360 355 359
355 360 351
360 353 351
360 359 361
362 360 361
360 362 353
357 358 363
358 364 363
365 363 364
359 357 366
357 363 366
367 366 363
367 368 366
361 359 368
359 366 368
362 369 353
354 353 369
370 371 372
371 370 373
374 371 373
374 373 375
373 291 375
375 291 290
376 344 377
377 344 342
343 377 342
377 343 378
376 377 378
376 378 379
378 380 379
381 379 380
382 381 380
378 345 380
378 343 345
345 347 380
347 382 380
347 383 382
381 382 384
385 381 384
385 384 386
387 385 386
387 386 388
389 387 388
389 388 390
388 391 390
388 386 391
391 392 390
392 391 393
386 393 391
386 384 393
394 392 393
384 395 393
394 393 395
383 395 382
395 384 382
396 394 395
396 395 397
395 398 397
397 398 399
400 401 402
400 403 401
403 404 401
405 403 400
406 405 400
405 406 407
408 405 407
409 408 407
409 410 408
410 411 408
412 409 407
412 410 409
413 407 406
412 407 413
414 412 413
414 410 412
415 410 414
414 416 415
416 414 413
417 415 416
416 413 418
418 413 406
419 416 418
417 416 419
417 419 420
418 421 419
421 422 419
420 419 422
400 421 418
400 418 406
422 423 420
423 424 420
421 425 422
425 423 422
421 400 402
421 402 425
423 426 424
426 427 424
427 426 428
429 427 428
428 430 429
430 431 429
431 430 432
433 431 432
433 432 434
432 435 434
432 430 436
436 437 432
437 438 432
437 436 439
436 440 439
430 441 436
436 441 440
430 428 441
441 442 440
434 435 443
438 437 444
437 439 444
442 441 445
428 445 441
446 442 445
428 426 445
426 447 445
445 447 446
447 448 446
449 446 448
446 449 450
451 446 450
450 452 451
450 453 452
453 454 452
452 455 451
449 456 450
456 453 450
457 449 448
456 449 458
449 457 458
426 423 447
423 425 447
448 447 425
402 448 425
457 448 401
448 402 401
458 457 404
457 401 404
455 452 459
452 454 459
460 461 462
463 461 460
464 461 463
464 463 465
460 462 466
467 466 462
467 462 468
467 468 469
468 462 470
469 468 471
469 471 472
472 471 473
471 474 473
471 475 474
471 468 475
475 476 474
475 468 477
468 470 477
475 477 478
477 479 478
477 480 479
480 481 479
482 478 479
483 482 479
479 481 483
482 483 484
483 485 484
485 483 486
481 486 483
487 485 486
484 485 488
485 487 488
480 477 489
477 470 489
474 476 490
491 474 490
491 492 474
492 473 474
492 491 493
491 490 493
494 495 496
495 497 496
495 498 497
498 499 497
499 500 497
501 498 495
501 502 498
503 502 501
504 503 501
501 505 504
505 501 495
495 494 505
505 506 504
504 506 507
507 503 504
506 508 507
508 509 507
508 510 509
510 511 509
509 511 512
513 509 512
513 514 509
514 515 509
507 509 515
506 516 508
516 510 508
516 506 517
506 505 517
494 517 505
518 503 507
518 507 519
507 515 519
519 515 520
515 514 520
514 521 520
521 522 520
518 523 503
518 519 523
523 524 503
503 524 502
524 525 502
502 525 526
502 526 498
498 526 499
526 527 499
527 526 528
525 528 526
520 522 529
519 520 529
530 519 529
519 530 523
531 523 530
524 523 531
532 531 530
530 529 532
533 531 532
534 533 532
532 535 534
529 535 532
529 536 535
535 536 537
535 537 538
534 535 538
537 536 539
499 527 540
527 541 540
527 528 541
541 528 542
543 541 542
544 543 542
541 543 545
541 545 540
543 546 545
546 543 544
547 546 544
548 540 545
500 540 548
500 499 540
549 548 545
545 546 549
546 550 549
550 546 547
551 549 550
552 551 550
550 553 552
553 550 547
547 554 553
554 555 553
556 553 555
552 553 556
557 556 555
551 558 549
558 548 549
500 548 558
558 551 559
560 558 559
558 560 561
561 500 558
560 562 561
496 561 562
496 562 563
563 564 496
564 494 496
562 565 563
564 566 494
566 517 494
517 566 567
559 568 560
568 559 569
559 570 569
569 570 571
570 556 571
571 556 572
573 565 562
568 573 560
560 573 562
565 573 574
565 574 575
574 573 576
573 568 576
574 576 577
578 574 577
575 574 578
569 579 568
579 576 568
579 569 580
569 571 580
571 581 580
581 571 572
581 582 580
582 583 580
583 584 580
579 580 584
579 585 576
585 577 576
585 579 584
583 582 586
582 581 587
582 587 586
565 575 563
575 564 563
588 564 575
588 589 564
589 566 564
589 590 566
590 567 566
590 591 567
591 592 567
588 575 593
575 594 593
594 595 593
594 596 595
595 596 597
596 598 597
599 597 598
600 599 598
596 601 598
601 602 598
600 598 602
603 600 602
595 597 604
605 595 604
593 595 605
605 604 606
607 605 606
605 607 608
605 608 593
608 607 609
610 608 609
609 611 610
611 612 610
612 611 613
614 613 611
615 614 611
611 609 615
616 612 613
606 617 607
617 609 607
609 617 615
618 606 604
619 618 604
617 606 620
606 618 620
617 620 615
608 610 589
608 589 588
593 608 588
610 590 589
610 612 590
612 591 590
612 616 621
612 621 591
619 622 618
618 622 620
619 623 622
619 599 623
599 619 597
619 604 597
599 624 623
622 623 625
600 624 599
626 624 600
600 603 626
603 627 626
627 628 626
591 621 629
629 592 591
629 630 592
630 629 631
592 630 511
510 592 511
592 510 516
511 630 632
630 631 632
632 631 633
634 632 633
512 511 632
512 632 634
635 512 634
513 512 635
636 513 635
514 513 636
521 514 636
521 636 637
638 636 635
636 638 639
640 638 635
635 634 641
635 641 640
634 642 641
642 634 643
634 633 643
642 643 644
645 642 644
641 642 645
645 644 646
647 646 644
521 637 648
521 648 522
522 648 649
536 522 649
536 649 539
529 522 536
650 651 652
651 650 542
653 651 542
542 528 653
528 525 653
654 653 525
654 651 653
524 654 525
654 524 531
654 655 651
654 531 655
651 655 656
657 651 656
652 651 657
658 657 656
656 655 659
531 533 655
659 655 533
533 660 659
660 661 659
533 534 660
534 538 660
658 656 662
656 663 662
656 659 663
659 661 664
665 662 663
666 665 663
665 666 667
668 664 661
669 668 661
668 669 670
671 672 673
671 614 672
672 614 615
615 620 672
674 672 620
674 675 672
672 675 673
675 676 673
675 677 676
678 676 677
674 679 675
675 679 677
680 679 674
679 680 681
679 681 682
681 683 682
680 684 681
682 683 685
680 686 684
686 687 684
620 622 674
622 625 674
674 625 680
186 688 689
186 689 179
552 570 551
570 559 551
552 556 570
572 556 557
594 690 596
690 601 596
575 690 594
496 497 561
497 500 561
544 691 547
691 554 547
544 650 691
691 650 652
544 542 650
592 516 567
516 517 567
692 693 694
693 695 694
695 696 694
696 697 694
697 696 698
699 697 698
695 693 700
701 695 700
701 700 702
703 701 702
701 703 704
705 701 704
701 705 695
705 696 695
704 706 705
706 707 705
705 707 696
707 698 696
708 704 703
706 704 708
709 708 703
710 706 708
709 703 711
703 702 711
708 709 712
710 708 712
709 711 712
713 714 715
714 716 715
714 717 716
717 718 716
719 714 713
720 719 713
721 720 713
721 713 715
717 714 722
714 719 722
717 722 723
724 717 723
718 717 724
725 718 724
724 726 725
725 726 727
726 728 727
723 729 724
729 726 724
726 729 728
729 723 730
731 729 730
729 731 728
732 731 730
733 725 727
734 733 727
733 734 735
734 736 735
735 736 737
738 739 740
739 741 740
742 740 741
743 742 741
742 743 744
739 738 745
738 746 745
747 745 746
748 747 746
749 747 748
750 751 752
752 753 750
753 754 750
753 755 754
755 756 754
756 755 757
758 756 757
757 759 758
752 751 760
760 751 761
762 763 764
763 765 764
763 762 766
767 763 766
764 765 768
765 769 768
768 769 770
766 771 767
771 772 767
773 772 771
774 775 776
774 776 777
776 778 777
777 778 779
778 780 779
780 781 779
781 782 779
782 781 783
784 782 783
784 783 785
289 299 286
299 275 286
