byte offset: 0
first index: 0
index count: 4713
topology: trianglelist
format: DXGI_FORMAT_R16_UINT

0 1 2
0 1 2
1 0 3
1 0 3
4 5 6
4 5 6
5 4 7
5 4 7
8 9 10
8 9 10
9 8 11
9 8 11
12 13 14
12 13 14
13 12 15
13 12 15
16 17 18
16 17 18
17 16 19
17 16 19
20 21 22
20 21 22
21 20 23
21 20 23
24 25 26
24 25 26
25 24 27
25 24 27
28 29 30
28 29 30
29 28 31
29 28 31
32 33 34
32 33 34
33 32 35
33 32 35
36 37 38
36 37 38
37 36 39
37 36 39
40 41 42
40 41 42
41 40 43
41 40 43
44 45 46
44 45 46
45 44 47
45 44 47
48 49 50
49 48 51
52 53 54
53 52 55
56 57 58
57 56 59
60 61 62
61 60 63
64 65 66
65 64 67
68 69 70
69 68 71
72 73 74
73 72 75
76 77 78
77 76 79
80 81 82
81 80 83
84 85 86
85 84 87
88 89 90
89 88 91
92 93 94
93 92 95
96 97 98
97 96 99
100 97 99
97 100 101
102 101 100
101 102 103
104 103 102
103 104 105
106 107 108
107 106 109
110 109 106
109 110 111
112 111 110
111 112 113
114 115 116
115 114 117
118 116 115
116 118 119
120 118 115
118 120 121
115 122 120
122 115 117
123 121 120
123 120 122
124 117 114
117 124 125
125 122 117
122 125 123
126 127 128
127 126 129
129 130 127
130 129 131
130 132 127
132 130 133
127 134 128
134 127 132
135 134 132
135 132 133
128 136 126
136 128 137
137 134 135
134 137 128
138 139 140
139 138 141
142 143 144
143 142 145
146 147 148
147 146 149
150 151 152
151 150 153
154 155 156
155 154 157
158 159 160
159 158 161
162 163 164
163 162 165
166 167 168
167 166 169
170 171 172
171 170 173
174 175 176
175 174 177
178 179 180
179 178 181
182 183 184
183 182 185
186 187 188
187 186 189
190 191 192
191 190 193
194 195 196
195 194 197
198 199 200
199 198 201
202 203 204
203 202 205
206 207 208
207 206 209
210 211 212
211 210 213
214 215 216
215 214 217
218 219 220
219 218 221
222 223 224
223 222 225
226 227 228
227 226 229
230 231 232
231 230 233
234 235 236
235 234 237
238 239 240
241 242 243
244 245 246
245 244 247
248 246 245
246 248 249
250 251 252
251 250 253
254 251 253
251 254 255
256 257 258
257 256 259
260 261 262
261 260 263
264 262 261
262 264 265
266 267 268
267 266 269
269 270 267
270 269 271
272 273 274
273 272 275
276 277 278
277 276 279
279 280 277
281 282 283
282 284 283
284 282 285
286 287 288
287 286 289
289 290 287
290 289 291
292 293 294
293 292 295
293 296 294
296 293 297
298 299 300
299 298 301
302 303 304
303 302 305
305 306 303
306 305 307
308 309 310
309 308 311
312 313 314
313 312 315
316 317 318
317 316 319
320 321 322
321 320 323
324 325 326
325 324 327
328 329 330
329 328 331
332 333 334
333 332 335
336 337 338
337 336 339
340 341 342
341 340 343
344 345 346
345 344 347
348 349 350
349 348 351
352 353 354
353 352 355
356 357 358
357 356 359
360 361 362
361 360 363
364 365 366
365 364 367
368 369 370
369 368 371
372 373 374
375 376 377
378 379 380
379 378 381
381 382 379
381 383 382
381 384 383
385 386 387
386 385 388
388 389 386
389 390 386
390 391 386
392 393 394
393 392 395
395 396 393
396 395 397
397 398 396
398 397 399
399 400 398
400 399 401
402 403 404
403 402 405
404 403 406
404 406 407
404 407 408
409 410 411
410 409 412
411 410 413
413 410 414
414 410 415
416 417 418
417 416 419
420 418 417
418 420 421
422 421 420
421 422 423
424 423 422
423 424 425
426 427 428
427 426 429
430 428 427
428 430 431
432 433 434
433 432 435
436 437 438
437 436 439
438 437 440
441 442 443
444 443 442
443 444 445
446 447 448
447 446 449
450 448 447
448 450 451
452 453 454
453 452 455
456 453 455
453 456 457
458 459 460
459 458 461
462 463 464
463 462 465
466 464 463
464 466 467
468 469 470
469 468 471
471 472 469
472 471 473
474 475 476
475 474 477
475 478 476
478 475 479
480 481 482
481 480 483
484 485 486
485 484 487
487 488 485
488 487 489
490 491 492
491 490 493
494 495 496
495 494 497
498 499 500
499 498 501
502 503 504
503 502 505
506 507 508
507 506 509
510 511 512
511 510 513
514 515 516
515 514 517
518 519 520
519 518 521
522 523 524
522 524 525
522 525 526
522 526 527
522 527 528
522 528 529
522 529 530
522 530 531
522 531 532
522 532 533
522 533 534
522 534 535
522 535 536
537 522 536
522 538 523
522 539 538
522 540 539
522 541 540
522 542 541
522 543 542
522 544 543
522 545 544
522 546 545
522 547 546
522 548 547
522 549 548
522 550 549
551 552 553
552 551 554
553 555 551
555 553 556
556 557 555
555 557 558
555 558 559
555 559 560
555 560 561
555 561 562
555 562 563
555 563 564
555 564 565
555 565 566
555 566 567
555 567 568
555 568 569
555 569 570
555 570 571
555 571 572
555 572 573
555 573 574
555 574 575
555 575 576
555 576 577
555 577 578
555 578 579
555 579 580
555 580 581
555 581 582
555 582 583
584 585 586
584 587 585
584 588 587
584 589 588
584 590 589
584 591 590
584 592 591
584 593 592
584 594 593
584 595 594
584 596 595
584 597 596
584 598 597
599 598 584
584 586 600
584 600 601
584 601 602
584 602 603
584 603 604
584 604 605
584 605 606
584 606 607
584 607 608
584 608 609
584 609 610
584 610 611
584 611 612
613 614 615
614 613 616
617 618 619
618 617 620
621 622 623
622 621 624
625 626 627
626 625 628
629 630 631
629 630 631
630 629 632
630 629 632
633 634 635
633 634 635
634 633 636
634 633 636
637 638 639
637 638 639
638 637 640
638 637 640
641 642 643
641 642 643
642 641 644
642 641 644
645 646 647
645 646 647
646 645 648
646 645 648
649 650 651
649 650 651
650 649 652
650 649 652
653 654 655
654 653 656
657 656 653
656 657 658
659 660 661
660 659 662
662 663 660
663 662 664
665 666 667
666 665 668
669 670 671
670 669 672
673 674 675
674 673 676
677 678 679
678 677 680
681 682 683
682 681 684
685 686 687
686 685 688
689 690 691
690 689 692
693 694 695
694 693 696
697 698 699
698 697 700
701 700 697
701 697 702
701 703 700
698 700 703
704 705 706
705 704 707
708 709 710
709 708 711
712 711 708
711 712 713
714 715 716
715 714 717
718 714 716
718 716 719
715 719 716
718 720 714
721 722 723
722 721 724
725 726 727
726 725 728
727 729 725
729 727 730
731 732 733
732 731 734
733 735 731
735 733 736
737 738 739
738 737 740
741 739 738
739 741 742
743 744 745
744 743 746
747 743 745
747 745 748
744 748 745
747 749 743
750 751 752
751 750 753
754 755 756
755 754 757
756 758 754
758 756 759
760 761 762
761 760 763
764 763 760
764 760 765
764 766 763
761 763 766
767 768 769
768 767 770
771 772 773
772 771 774
775 774 771
774 775 776
777 778 779
778 780 779
778 781 780
778 782 781
778 783 782
783 778 784
778 785 784
778 786 785
778 787 786
788 789 790
789 788 791
792 793 794
793 792 795
795 796 793
796 795 797
794 798 792
798 794 799
799 800 798
800 799 801
801 802 800
802 801 803
803 804 802
804 803 805
805 806 804
806 805 807
797 808 796
808 797 809
810 811 812
811 810 813
814 815 816
816 815 817
816 817 818
816 818 819
816 819 820
820 821 816
816 821 822
816 822 823
816 823 824
825 826 827
826 825 828
829 830 831
830 829 832
833 831 830
831 833 834
835 832 829
832 835 836
837 836 835
836 837 838
839 838 837
838 839 840
841 840 839
840 841 842
843 842 841
842 843 844
845 834 833
834 845 846
847 848 849
848 847 850
851 852 853
852 851 854
855 853 852
853 855 856
857 858 859
858 857 860
861 862 863
862 861 864
863 862 865
866 867 868
869 868 867
868 869 870
871 872 873
872 871 874
875 874 871
874 875 876
876 875 877
875 878 877
875 879 878
875 880 879
875 881 880
875 882 881
875 883 882
875 884 883
875 885 884
875 886 885
875 887 886
875 888 887
875 889 888
875 890 889
875 891 890
875 892 891
875 893 892
875 894 893
875 895 894
875 896 895
875 897 896
875 898 897
875 899 898
875 900 899
875 901 900
875 902 901
875 903 902
904 905 906
906 905 907
906 907 908
906 908 909
906 909 910
910 911 906
906 911 912
906 912 913
906 913 914
915 916 917
916 915 918
919 920 921
920 919 922
923 921 920
921 923 924
925 922 919
922 925 926
927 926 925
926 927 928
929 928 927
928 929 930
931 930 929
930 931 932
933 932 931
932 933 934
935 924 923
924 935 936
937 938 939
938 937 940
941 942 943
942 944 943
942 945 944
942 946 945
942 947 946
947 942 948
942 949 948
942 950 949
942 951 950
952 953 954
953 952 955
956 957 958
957 956 959
959 960 957
960 959 961
958 962 956
962 958 963
963 964 962
964 963 965
965 966 964
966 965 967
967 968 966
968 967 969
969 970 968
970 969 971
961 972 960
972 961 973
974 975 976
975 974 977
978 979 980
979 978 981
982 983 984
983 982 985
986 987 988
987 986 989
990 991 992
991 990 993
994 995 996
995 994 997
998 999 1000
999 998 1001
1002 1003 1004
1003 1002 1005
1006 1007 1008
1007 1006 1009
1010 1011 1012
1011 1010 1013
1014 1015 1016
1015 1014 1017
1018 1019 1020
1019 1018 1021
1022 1023 1024
1023 1022 1025
1026 1027 1028
1027 1026 1029
1030 1031 1032
1031 1030 1033
1034 1035 1036
1035 1034 1037
1038 1039 1040
1039 1038 1041
1042 1043 1044
1043 1042 1045
1046 1047 1048
1047 1046 1049
1050 1051 1052
1051 1050 1053
1054 1055 1056
1055 1054 1057
1058 1059 1060
1059 1058 1061
1062 1063 1064
1063 1062 1065
1066 1067 1068
1067 1066 1069
1069 1070 1067
1070 1069 1071
1072 1073 1074
1073 1072 1075
1076 1077 1078
1077 1076 1079
1079 1080 1077
1081 1082 1083
1082 1084 1083
1084 1082 1085
1086 1087 1088
1089 1087 1086
1090 1089 1086
1090 1086 1091
1086 1088 1092
1086 1092 1093
1086 1093 1094
1086 1094 1095
1086 1095 1096
1086 1096 1097
1086 1097 1098
1091 1086 1099
1099 1086 1100
1100 1086 1101
1101 1086 1102
1102 1086 1103
1103 1086 1104
1104 1086 1105
1105 1086 1106
1106 1086 1107
1107 1086 1108
1109 1110 1111
1110 1109 1112
1113 1114 1115
1114 1113 1116
1117 1118 1119
1118 1117 1120
1121 1122 1123
1122 1121 1124
1125 1126 1127
1126 1125 1128
1129 1130 1131
1130 1129 1132
1133 1134 1135
1134 1133 1136
1137 1138 1139
1138 1137 1140
1141 1142 1143
1142 1141 1144
1145 1146 1147
1146 1145 1148
1149 1150 1151
1150 1149 1152
1153 1154 1155
1154 1153 1156
1157 1158 1159
1158 1157 1160
1161 1162 1163
1162 1161 1164
1165 1166 1167
1166 1165 1168
1169 1170 1171
1170 1169 1172
1173 1174 1175
1176 1177 1178
1179 1180 1181
1180 1179 1182
1183 1184 1185
1184 1183 1186
1187 1188 1189
1188 1187 1190
1191 1192 1193
1192 1191 1194
1195 1196 1197
1196 1195 1198
1199 1200 1201
1200 1199 1202
1203 1204 1205
1204 1203 1206
1207 1208 1209
1208 1207 1210
1211 1212 1213
1212 1211 1214
1215 1216 1217
1216 1215 1218
1219 1220 1221
1220 1219 1222
1223 1224 1225
1224 1223 1226
1227 1228 1229
1228 1227 1230
1231 1232 1233
1232 1231 1234
1235 1236 1237
1236 1235 1238
1239 1240 1241
1240 1239 1242
1243 1244 1245
1246 1247 1248
1249 1250 1251
1250 1249 1252
1253 1254 1255
1254 1253 1256
1257 1258 1259
1258 1257 1260
1261 1262 1263
1262 1261 1264
1265 1266 1267
1266 1265 1268
1269 1270 1271
1270 1269 1272
1273 1274 1275
1274 1273 1276
1277 1278 1279
1278 1277 1280
1281 1282 1283
1283 1282 1284
1283 1284 1285
1283 1285 1286
1283 1286 1287
1287 1288 1283
1283 1288 1289
1283 1289 1290
1283 1290 1291
1292 1293 1294
1293 1292 1295
1296 1295 1292
1295 1296 1297
1298 1299 1300
1299 1298 1301
1302 1300 1299
1300 1302 1303
1304 1301 1298
1301 1304 1305
1306 1305 1304
1305 1306 1307
1308 1307 1306
1307 1308 1309
1310 1309 1308
1309 1310 1311
1312 1311 1310
1311 1312 1313
1314 1303 1302
1303 1314 1315
1316 1317 1318
1317 1319 1318
1317 1320 1319
1317 1321 1320
1317 1322 1321
1322 1317 1323
1317 1324 1323
1317 1325 1324
1317 1326 1325
1327 1328 1329
1328 1327 1330
1329 1331 1327
1331 1329 1332
1333 1334 1335
1334 1333 1336
1336 1337 1334
1337 1336 1338
1335 1339 1333
1339 1335 1340
1340 1341 1339
1341 1340 1342
1342 1343 1341
1343 1342 1344
1344 1345 1343
1345 1344 1346
1346 1347 1345
1347 1346 1348
1338 1349 1337
1349 1338 1350
1351 1352 1353
1352 1351 1354
1355 1356 1357
1356 1355 1358
1359 1360 1361
1360 1359 1362
1363 1364 1365
1364 1363 1366
1367 1368 1369
1368 1367 1370
1369 1371 1367
1371 1369 1372
1371 1373 1367
1373 1371 1374
1375 1367 1373
1367 1375 1370
1376 1371 1372
1371 1376 1377
1377 1374 1371
1377 1376 1378
1374 1377 1379
1380 1381 1382
1381 1380 1383
1383 1384 1381
1384 1383 1385
1385 1386 1384
1386 1385 1387
1388 1387 1385
1383 1388 1385
1387 1388 1389
1388 1383 1390
1380 1390 1383
1390 1380 1391
1386 1387 1392
1393 1394 1395
1394 1393 1396
1397 1395 1394
1395 1397 1398
1399 1398 1397
1398 1399 1400
1401 1399 1397
1399 1401 1402
1397 1403 1401
1403 1397 1394
1394 1404 1403
1404 1394 1396
1400 1399 1405
1406 1407 1408
1407 1406 1409
1410 1408 1407
1408 1410 1411
1412 1408 1411
1408 1412 1413
1413 1406 1408
1406 1413 1414
1415 1411 1410
1411 1415 1416
1416 1415 1417
1416 1418 1411
1418 1416 1419
1420 1421 1422
1423 1424 1425
1424 1423 1426
1427 1428 1429
1428 1427 1430
1431 1432 1433
1432 1431 1434
1435 1436 1437
1436 1435 1438
1439 1438 1435
1438 1439 1440
1441 1440 1439
1440 1441 1442
1443 1444 1445
1444 1443 1446
1447 1446 1443
1446 1447 1448
1449 1448 1447
1448 1449 1450
1451 1452 1453
1452 1451 1454
1455 1456 1457
1456 1455 1458
1459 1460 1461
1460 1459 1462
1463 1464 1465
1464 1463 1466
1467 1468 1469
1468 1467 1470
1471 1472 1473
1472 1471 1474
1475 1476 1477
1476 1475 1478
1477 1479 1475
1479 1477 1480
1480 1481 1479
1481 1480 1482
1483 1484 1485
1484 1483 1486
1485 1487 1483
1487 1485 1488
1488 1489 1487
1489 1488 1490
1491 1492 1493
1492 1491 1494
1495 1496 1497
1496 1495 1498
1499 1500 1501
1500 1499 1502
1503 1504 1505
1504 1503 1506
1507 1508 1509
1508 1507 1510
1511 1512 1513
1514 1515 1516
1515 1514 1517
1518 1519 1520
1519 1518 1521
1522 1523 1524
1523 1522 1525
1526 1527 1528
1527 1526 1529
1530 1531 1532
1531 1530 1533
1534 1535 1536
1535 1534 1537
1538 1539 1540
1541 1542 1543
1542 1541 1544
1545 1546 1547
1546 1545 1548
1549 1550 1551
1550 1549 1552
1553 1554 1555
1554 1553 1556
1557 1558 1559
1558 1557 1560
1561 1562 1563
1562 1561 1564
1565 1566 1567
1566 1565 1568
1569 1570 1571
1570 1569 1572
1573 1574 1575
1574 1573 1576
1577 1578 1579
1580 1581 1582
1583 1584 1585
1584 1583 1586
1587 1588 1589
1588 1587 1590
1591 1592 1593
1592 1591 1594
1595 1596 1597
1598 1599 1600
1601 1602 1603
1602 1601 1604
1605 1606 1607
1608 1609 1610
1611 1612 1613
1614 1615 1616
1617 1618 1619
1618 1617 1620
1621 1622 1623
1622 1621 1624
1625 1626 1627
1628 1629 1630
1631 1632 1633
1632 1631 1634
1635 1636 1637
1638 1639 1640
1641 1642 1643
1642 1641 1644
1645 1646 1647
1646 1645 1648
1649 1650 1651
1650 1649 1652
1653 1654 1655
1656 1657 1658
1659 1660 1661
1660 1659 1662
1663 1664 1665
1666 1667 1668
1669 1670 1671
1672 1673 1674
1675 1676 1677
1676 1675 1678
1679 1680 1681
1680 1679 1682
1683 1684 1685
1686 1687 1688
1689 1690 1691
1690 1689 1692
1693 1694 1695
1694 1693 1696
1697 1698 1699
1698 1697 1700
1701 1702 1703
1702 1701 1704
1705 1706 1707
1706 1708 1707
1706 1709 1708
1706 1710 1709
1706 1711 1710
1711 1706 1712
1706 1713 1712
1706 1714 1713
1706 1715 1714
1716 1717 1718
1717 1716 1719
1718 1720 1716
1720 1718 1721
1722 1723 1724
1723 1722 1725
1725 1726 1723
1726 1725 1727
1724 1728 1722
1728 1724 1729
1729 1730 1728
1730 1729 1731
1731 1732 1730
1732 1731 1733
1733 1734 1732
1734 1733 1735
1735 1736 1734
1736 1735 1737
1727 1738 1726
1738 1727 1739
1740 1741 1742
1742 1741 1743
1742 1743 1744
1742 1744 1745
1742 1745 1746
1746 1747 1742
1742 1747 1748
1742 1748 1749
1742 1749 1750
1751 1752 1753
1752 1751 1754
1755 1754 1751
1754 1755 1756
1757 1758 1759
1758 1757 1760
1761 1759 1758
1759 1761 1762
1763 1760 1757
1760 1763 1764
1765 1764 1763
1764 1765 1766
1767 1766 1765
1766 1767 1768
1769 1768 1767
1768 1769 1770
1771 1770 1769
1770 1771 1772
1773 1762 1761
1762 1773 1774
1775 1776 1777
1776 1775 1778
1777 1776 1779
1777 1779 1780
1777 1780 1781
1782 1783 1784
1783 1782 1785
1784 1783 1786
1786 1783 1787
1787 1783 1788
1789 1790 1791
1790 1789 1792
1793 1791 1790
1791 1793 1794
1795 1794 1793
1794 1795 1796
1797 1796 1795
1796 1797 1798
1799 1800 1801
1800 1799 1802
1802 1803 1800
1802 1804 1803
1802 1805 1804
1806 1807 1808
1807 1806 1809
1809 1810 1807
1810 1811 1807
1811 1812 1807
1813 1814 1815
1814 1813 1816
1816 1817 1814
1817 1816 1818
1818 1819 1817
1819 1818 1820
1820 1821 1819
1821 1820 1822
1823 1824 1825
1824 1823 1826
1827 1828 1829
1828 1827 1830
1831 1832 1833
1834 1835 1836
1835 1834 1837
1838 1839 1840
1839 1838 1841
1842 1843 1844
1843 1842 1845
1846 1847 1848
1847 1846 1849
1850 1851 1852
1851 1850 1853
1854 1855 1856
1855 1854 1857
1858 1859 1860
1861 1862 1863
1862 1861 1864
1865 1866 1867
1866 1865 1868
1869 1870 1871
1870 1869 1872
1873 1874 1875
1874 1873 1876
1877 1878 1879
1878 1877 1880
1881 1879 1878
1879 1881 1882
1883 1882 1881
1882 1883 1884
1884 1885 1882
1885 1879 1882
1885 1884 1886
1879 1885 1887
1887 1877 1879
1877 1887 1888
1883 1889 1884
1890 1891 1892
1891 1890 1893
1893 1894 1891
1894 1893 1895
1893 1896 1895
1896 1897 1895
1897 1896 1898
1896 1893 1899
1890 1899 1893
1899 1890 1900
1901 1895 1897
1895 1901 1894
1897 1902 1901
1903 1904 1905
1904 1903 1906
1907 1908 1909
1908 1907 1910
1911 1912 1913
1912 1911 1914
1915 1916 1917
1916 1915 1918
1917 1919 1915
1919 1917 1920
1920 1921 1919
1921 1920 1922
1923 1924 1925
1924 1923 1926
1925 1927 1923
1927 1925 1928
1928 1929 1927
1929 1928 1930
1931 1932 1933
1932 1931 1934
1935 1936 1937
1936 1935 1938
1939 1940 1941
1940 1939 1942
1943 1944 1945
1944 1943 1946
1946 1947 1944
1947 1946 1948
1948 1949 1947
1949 1948 1950
1951 1950 1948
1946 1951 1948
1950 1951 1952
1951 1946 1953
1943 1953 1946
1953 1943 1954
1949 1950 1955
1956 1957 1958
1957 1956 1959
1960 1958 1957
1958 1960 1961
1962 1958 1961
1963 1962 1961
1962 1963 1964
1958 1962 1965
1965 1956 1958
1956 1965 1966
1967 1961 1960
1961 1967 1963
1963 1967 1968
1969 1970 1971
1970 1969 1972
1973 1974 1975
1974 1973 1976
1977 1978 1979
1978 1977 1980
1981 1982 1983
1982 1981 1984
1985 1984 1981
1984 1985 1986
1987 1986 1985
1986 1987 1988
1989 1990 1991
1990 1989 1992
1993 1992 1989
1992 1993 1994
1995 1994 1993
1994 1995 1996
1997 1998 1999
1998 1997 2000
2001 2002 2003
2002 2001 2004
2005 2006 2007
2006 2005 2008
2009 2010 2011
2012 2009 2011
2013 2009 2012
2013 2014 2009
2009 2015 2010
2009 2016 2015
2009 2017 2016
2009 2018 2017
2009 2019 2018
2009 2020 2019
2009 2021 2020
2014 2022 2009
2022 2023 2009
2023 2024 2009
2024 2025 2009
2025 2026 2009
2026 2027 2009
2027 2028 2009
2028 2029 2009
2029 2030 2009
2030 2031 2009
2032 2033 2034
2033 2032 2035
2036 2037 2038
2037 2036 2039
2040 2041 2042
2041 2040 2043
2044 2045 2046
2045 2044 2047
2048 2049 2050
2049 2048 2051
2052 2053 2054
2053 2052 2055
2056 2057 2058
2057 2056 2059
2060 2061 2062
2061 2060 2063
2064 2065 2066
2065 2064 2067
2068 2069 2070
2069 2068 2071
2072 2073 2074
2073 2072 2075
2076 2077 2078
2077 2076 2079
2080 2081 2082
2081 2080 2083
2084 2085 2086
2085 2084 2087
2088 2089 2090
2089 2088 2091
2092 2093 2094
2093 2092 2095
2096 2097 2098
2097 2096 2099
2100 2101 2102
2101 2100 2103
2104 2105 2106
2105 2104 2107
2108 2109 2110
2109 2108 2111
2112 2113 2114
2113 2112 2115
2116 2117 2118
2117 2116 2119
2120 2121 2122
2121 2120 2123
2124 2125 2126
2125 2124 2127
2128 2129 2130
2129 2128 2131
2132 2133 2134
2133 2132 2135
2136 2137 2138
2137 2136 2139
2140 2141 2142
2141 2140 2143
2144 2145 2146
2145 2144 2147
2148 2149 2150
2149 2148 2151
2152 2153 2154
2153 2152 2155
2156 2157 2158
2157 2156 2159
2160 2161 2162
2161 2160 2163
2164 2165 2166
2165 2164 2167
2168 2169 2170
2169 2168 2171
2171 2172 2169
2172 2171 2173
2173 2174 2172
2174 2173 2175
2176 2177 2178
2177 2176 2179
2180 2178 2177
2178 2180 2181
2182 2180 2177
2180 2182 2183
2183 2184 2180
2184 2183 2185
2177 2186 2182
2186 2177 2179
2187 2180 2184
2180 2187 2181
2184 2188 2187
2189 2190 2191
2190 2189 2192
2193 2194 2195
2194 2193 2196
2195 2197 2193
2197 2195 2198
2198 2199 2197
2199 2198 2200
2201 2202 2203
2202 2201 2204
2204 2205 2202
2205 2204 2206
2205 2207 2202
2207 2205 2208
2209 2208 2205
2206 2209 2205
2208 2209 2210
2202 2211 2203
2211 2202 2207
2209 2206 2212
2212 2213 2209
2214 2215 2216
2215 2214 2217
2218 2219 2220
2219 2218 2221
2222 2223 2224
2223 2222 2225
2226 2227 2228
2227 2226 2229
2230 2231 2232
2231 2230 2233
2234 2235 2236
2235 2234 2237
2238 2239 2240
2239 2238 2241
2242 2243 2244
2243 2242 2245
2246 2247 2248
2247 2246 2249
2250 2251 2252
2251 2250 2253
2251 2254 2252
2254 2251 2255
2256 2254 2255
2254 2256 2257
2258 2259 2260
2259 2258 2261
2262 2263 2264
2263 2262 2265
2266 2267 2268
2267 2266 2269
2266 2270 2269
2270 2266 2271
2272 2270 2271
2270 2272 2273
2274 2275 2276
2275 2274 2277
2278 2279 2280
2279 2278 2281
2282 2283 2284
2283 2282 2285
2286 2284 2283
2284 2286 2287
2288 2287 2286
2287 2288 2289
2290 2291 2292
2291 2290 2293
2293 2294 2291
2294 2293 2295
2294 2296 2291
2296 2294 2297
2298 2297 2294
2297 2298 2299
2291 2300 2292
2300 2291 2296
2301 2294 2295
2294 2301 2298
2298 2301 2302
2303 2304 2305
2304 2303 2306
2307 2308 2309
2308 2307 2310
2311 2310 2307
2310 2311 2312
2313 2312 2311
2312 2313 2314
2315 2316 2317
2316 2315 2318
2319 2317 2316
2317 2319 2320
2321 2319 2316
2319 2321 2322
2322 2323 2319
2323 2320 2319
2323 2322 2324
2316 2325 2321
2325 2316 2318
2320 2323 2326
2326 2323 2327
2328 2329 2330
2329 2328 2331
2332 2333 2334
2333 2332 2335
2336 2337 2338
2337 2336 2339
2340 2341 2342
2341 2340 2343
2344 2345 2346
2345 2344 2347
2348 2349 2350
2349 2348 2351
2352 2353 2354
2353 2352 2355
2356 2357 2358
2357 2356 2359
2360 2361 2362
2361 2360 2363
2364 2365 2366
2365 2364 2367
2368 2365 2367
2365 2368 2369
2368 2370 2369
2370 2368 2371
2372 2373 2374
2373 2372 2375
2376 2377 2378
2377 2376 2379
2380 2381 2382
2381 2380 2383
2384 2380 2382
2380 2384 2385
2384 2386 2385
2386 2384 2387
2388 2389 2390
2389 2388 2391
2392 2393 2394
2393 2392 2395
