byte offset: 0
first index: 0
index count: 13140
topology: trianglelist
format: DXGI_FORMAT_R16_UINT

0 1 2
1 0 3
4 1 3
1 4 5
6 5 4
5 6 7
8 7 6
7 8 9
2 10 0
10 2 11
11 12 10
12 11 13
5 14 1
14 2 1
14 5 15
7 15 5
15 7 16
9 16 7
17 11 2
2 14 17
11 17 18
11 19 13
19 11 18
16 20 15
21 15 20
20 16 22
23 20 22
20 23 24
24 21 20
25 24 23
24 25 26
27 26 25
26 27 28
29 27 25
27 29 30
31 28 27
30 31 27
28 31 32
32 33 28
33 26 28
33 32 34
34 35 33
35 36 33
26 33 36
36 24 26
36 35 37
37 38 36
38 37 39
39 40 38
40 39 41
40 42 38
42 36 38
42 40 43
40 41 44
35 34 45
45 34 46
32 46 34
46 47 45
47 46 48
49 48 46
48 49 50
50 51 48
51 50 52
50 53 52
53 54 52
54 51 52
54 53 55
53 50 56
49 56 50
51 54 57
56 58 53
58 56 59
60 59 56
56 49 60
59 60 61
31 61 60
31 30 61
62 48 51
48 62 47
60 32 31
32 60 49
46 32 49
63 64 65
64 63 66
65 67 63
67 65 68
69 68 65
64 69 65
68 69 70
69 64 71
71 72 69
69 72 73
72 74 73
74 72 75
76 75 72
72 71 76
75 76 77
75 78 74
78 75 79
77 79 75
80 69 73
69 80 70
81 80 73
81 73 82
74 82 73
82 83 81
83 82 84
84 85 83
85 84 86
84 87 86
87 84 88
89 84 82
84 89 88
82 74 89
86 90 85
90 86 91
87 91 86
91 92 90
92 91 93
91 94 93
94 91 95
91 87 95
93 96 92
96 93 97
93 98 97
98 93 94
89 99 88
99 89 100
100 101 99
101 100 102
102 103 101
103 102 104
104 105 103
105 104 106
107 105 106
105 107 108
109 106 104
106 109 110
110 107 106
107 110 111
107 112 108
112 107 113
114 107 111
107 114 113
113 115 112
115 113 116
117 113 114
113 117 116
104 118 109
119 109 118
119 120 109
120 119 121
118 122 119
123 119 122
119 123 124
122 118 125
125 126 122
126 123 122
126 125 127
78 125 118
78 127 125
118 100 78
123 128 124
128 123 129
130 128 129
128 130 131
129 132 130
132 129 133
130 134 131
134 130 135
136 130 132
130 136 135
123 126 137
129 137 133
137 129 123
100 74 78
74 100 89
78 138 127
139 127 138
127 139 140
138 141 139
141 138 142
142 138 79
143 140 139
141 143 139
140 143 144
145 144 143
144 145 146
147 145 143
143 141 147
145 147 148
145 149 146
149 145 150
151 145 148
145 151 150
150 152 149
152 150 153
150 154 153
154 150 151
142 79 155
156 142 155
142 156 157
158 157 156
157 158 159
160 158 156
158 160 161
162 156 155
156 162 160
162 155 163
164 159 158
161 164 158
159 164 165
166 165 164
165 166 167
168 166 164
164 161 168
166 168 169
166 170 167
170 166 171
166 172 171
172 166 169
157 173 141
173 157 174
142 157 141
79 77 163
163 155 79
79 138 78
175 176 177
177 178 175
179 175 178
175 179 180
176 21 177
21 176 181
182 181 176
181 182 183
182 184 183
184 182 185
186 184 185
185 187 186
187 185 188
185 189 188
182 189 185
189 182 190
184 186 191
192 191 186
191 192 193
187 194 186
192 186 194
194 187 195
187 196 195
196 187 197
188 197 187
193 18 191
18 184 191
18 193 19
190 198 189
189 198 199
198 190 200
201 200 190
200 201 202
201 203 202
201 204 203
204 201 205
205 206 204
206 205 175
175 180 206
176 205 201
175 205 176
182 176 201
182 201 190
184 18 17
17 183 184
183 17 14
181 183 14
15 181 14
181 15 21
207 177 21
177 207 42
42 178 177
178 42 43
43 179 178
179 43 208
36 42 207
21 24 207
24 36 207
40 208 43
40 44 208
209 210 211
210 209 212
211 213 209
213 211 214
215 213 214
213 215 216
212 217 210
217 212 218
218 212 219
209 219 212
219 220 218
220 219 221
220 221 222
222 223 220
223 222 224
225 224 222
224 225 226
225 227 226
227 225 228
228 229 227
229 228 230
231 230 228
228 232 231
232 228 225
222 232 225
232 222 221
233 221 219
221 233 232
233 231 232
219 209 233
209 234 233
234 230 231
231 233 234
234 209 213
216 234 213
230 234 216
235 226 227
226 235 236
235 237 236
237 235 238
237 239 236
239 237 240
239 226 236
226 239 224
241 224 239
224 241 223
227 242 235
242 227 229
140 243 126
243 140 244
140 126 127
245 246 247
246 245 248
246 249 247
249 246 250
250 251 249
251 250 252
252 253 251
253 252 254
254 252 255
255 256 254
256 255 257
258 256 257
257 259 258
259 257 260
255 260 257
261 259 260
259 261 262
262 261 263
262 264 259
264 258 259
264 262 265
260 255 266
266 261 260
252 266 255
258 264 267
268 262 263
262 268 265
261 266 269
269 263 261
263 269 248
258 270 256
270 258 267
248 269 246
271 264 265
264 271 272
271 273 272
273 271 274
273 275 272
275 264 272
264 275 267
275 273 276
265 277 271
277 265 268
267 278 270
278 267 275
269 250 246
250 269 266
266 252 250
279 280 281
280 279 282
279 283 282
283 279 284
285 283 284
283 285 286
285 287 286
287 285 288
288 285 289
284 289 285
289 290 288
290 289 291
292 290 291
293 292 291
292 293 294
293 295 294
295 293 296
295 296 297
298 297 296
297 298 281
299 296 293
296 299 298
299 291 289
291 299 293
300 294 295
294 300 301
302 294 301
294 302 292
303 295 297
295 303 300
292 304 290
304 292 302
281 298 279
305 301 300
301 305 306
305 307 306
307 305 308
307 309 306
309 301 306
301 309 302
309 307 310
300 311 305
311 300 303
302 312 304
312 302 309
289 284 299
298 284 279
284 298 299
313 314 315
314 313 316
317 315 314
315 317 318
319 317 314
314 316 319
320 319 316
319 320 321
322 321 320
322 323 321
323 322 324
325 321 323
321 325 319
317 319 325
326 324 322
324 326 327
324 328 323
328 325 323
328 324 329
329 330 328
330 331 328
325 328 331
331 317 325
331 330 332
332 333 331
334 333 332
333 334 335
317 331 333
318 333 335
333 318 317
336 324 327
324 336 329
329 337 330
337 329 336
338 327 326
326 339 338
339 326 340
327 338 341
338 342 341
342 338 343
342 344 341
344 342 345
344 327 341
327 344 336
336 346 337
346 336 344
340 322 320
322 340 326
347 25 23
23 348 347
348 23 22
22 349 348
349 22 16
16 9 349
347 29 25
197 188 350
189 350 188
350 189 199
118 102 100
118 104 102
351 352 353
352 351 354
352 355 353
355 352 356
356 357 355
357 356 358
358 359 357
359 358 360
361 354 351
354 361 362
363 362 361
362 363 364
365 356 352
354 365 352
356 365 366
366 358 356
358 366 367
367 360 358
362 368 354
365 354 368
368 362 369
362 370 369
370 362 364
371 367 366
372 371 366
367 371 373
371 374 373
374 371 375
372 375 371
375 376 374
376 375 377
377 378 376
378 377 379
378 380 376
380 378 381
379 382 378
382 381 378
382 379 383
384 383 379
377 384 379
383 384 385
386 385 384
387 386 384
384 377 387
375 387 377
386 387 388
389 388 387
388 389 390
391 390 389
390 391 392
393 391 389
387 393 389
391 393 394
391 395 392
385 386 396
396 397 385
397 383 385
398 397 396
397 398 399
399 400 397
400 399 401
402 401 399
401 402 403
404 401 403
405 404 403
402 405 403
404 405 406
401 404 407
407 400 401
405 402 408
409 407 404
407 409 410
410 411 407
400 407 411
411 410 412
382 411 412
381 382 412
399 413 402
411 383 400
383 411 382
383 397 400
413 399 398
414 415 416
415 414 417
418 416 415
416 418 419
419 420 416
420 414 416
420 419 421
414 420 422
423 422 420
420 424 423
425 423 424
423 425 426
426 427 423
422 423 427
427 426 428
429 426 425
426 429 430
430 428 426
431 420 421
420 431 424
432 424 431
432 433 424
433 425 424
434 433 432
433 434 435
436 435 434
435 436 437
438 435 437
435 438 439
435 440 433
440 435 439
425 433 440
441 437 436
437 441 442
442 438 437
443 442 441
442 443 444
445 442 444
442 445 446
438 442 446
447 444 443
444 447 448
449 444 448
444 449 445
450 440 439
440 450 451
452 451 450
451 452 453
454 453 452
453 454 455
456 455 454
455 456 457
456 458 457
458 456 459
457 460 455
460 457 461
458 461 457
461 458 462
463 458 459
458 463 464
465 458 464
458 465 462
466 464 463
464 466 467
468 464 467
464 468 465
455 469 453
469 455 460
470 469 460
471 470 460
470 471 472
473 469 470
470 474 473
474 470 475
469 473 476
477 476 473
474 477 473
476 477 478
429 469 476
429 476 478
469 429 451
469 451 453
479 474 475
474 479 480
479 481 480
481 479 482
483 480 481
480 483 484
485 481 482
481 485 486
487 481 486
481 487 483
477 474 488
488 480 484
480 488 474
425 451 429
451 425 440
429 478 489
430 429 489
490 430 489
489 491 490
491 489 492
478 492 489
492 478 493
493 494 492
494 491 492
494 493 495
495 496 494
496 495 497
496 498 494
491 494 498
498 496 499
500 496 497
496 500 501
502 496 501
496 502 499
503 501 500
501 503 504
501 505 502
505 501 504
493 478 477
506 493 477
493 506 507
508 509 510
509 508 511
508 512 511
512 508 513
372 510 509
510 372 514
514 515 510
515 514 516
517 515 516
515 517 518
517 519 518
520 518 519
518 520 521
518 521 522
515 518 522
522 523 515
519 517 524
524 525 519
525 524 526
527 520 519
525 527 519
520 527 528
529 520 528
520 529 530
530 521 520
369 526 524
517 369 524
526 369 370
531 523 522
522 532 531
523 531 533
533 534 523
534 533 535
534 535 536
537 534 536
534 537 538
539 538 537
538 539 508
508 539 513
510 534 538
508 510 538
515 534 510
515 523 534
369 517 368
516 368 517
368 516 365
514 365 516
514 366 365
366 514 372
509 540 372
540 509 393
511 393 509
393 511 394
512 394 511
394 512 541
393 387 540
375 372 540
387 375 540
391 394 541
391 541 395
542 543 544
543 542 545
546 545 542
545 546 547
546 548 547
548 546 549
550 544 543
544 550 551
551 552 544
552 542 544
553 552 551
552 553 554
553 555 554
556 555 553
555 556 557
557 558 555
558 557 559
560 558 559
558 560 561
562 561 560
561 562 563
564 561 563
561 565 558
565 561 564
565 555 558
555 565 554
566 554 565
554 566 552
564 566 565
542 552 566
567 542 566
563 567 564
566 564 567
542 567 546
549 546 567
567 563 549
559 568 560
568 559 569
570 568 569
568 570 571
572 570 569
570 572 573
559 572 569
572 559 557
557 574 572
574 557 556
575 560 568
560 575 562
576 577 578
577 576 491
490 491 576
579 490 576
576 580 579
580 576 581
490 579 582
580 583 579
583 580 584
579 585 582
585 579 583
585 586 582
581 587 580
587 584 580
587 581 588
588 589 587
589 588 590
589 591 587
584 587 591
591 589 592
593 589 590
589 593 594
589 595 592
595 589 594
586 430 582
490 582 430
428 430 586
596 597 598
597 596 599
600 596 598
596 600 601
602 601 600
601 602 603
604 603 602
603 604 605
605 606 603
607 606 605
606 607 608
609 608 607
610 608 609
608 610 611
611 606 608
610 612 611
612 610 613
613 614 612
615 613 610
609 615 610
613 615 616
606 611 617
612 617 611
617 603 606
615 609 618
619 613 616
613 619 614
617 612 620
614 620 612
620 614 599
609 621 618
621 609 607
599 596 620
615 622 616
622 615 623
624 622 623
622 624 625
626 624 623
615 626 623
626 615 618
624 626 627
616 628 619
628 616 622
618 629 626
629 618 621
620 601 617
601 620 596
603 617 601
630 631 632
631 630 633
634 631 633
631 634 635
634 636 635
636 634 637
638 636 637
636 638 639
639 640 636
640 635 636
641 640 639
640 641 642
643 642 641
643 644 642
644 643 645
646 644 645
644 646 647
646 648 647
648 649 647
649 648 632
650 647 649
647 650 644
642 650 640
650 642 644
645 651 646
651 645 652
645 653 652
653 645 643
654 646 651
646 654 648
643 655 653
655 643 641
632 631 649
652 656 651
656 652 657
658 656 657
656 658 659
660 658 657
652 660 657
660 652 653
658 660 661
651 662 654
662 651 656
653 663 660
663 653 655
635 640 650
649 635 650
635 649 631
664 665 666
665 664 667
666 668 664
668 666 669
668 670 664
664 670 667
670 671 667
671 670 672
673 671 672
674 673 672
673 674 675
676 672 670
672 676 674
670 668 676
675 677 673
677 675 678
679 675 674
676 679 674
675 679 680
680 679 681
682 681 679
679 676 682
668 682 676
681 682 683
683 682 684
684 685 683
685 684 686
682 668 684
684 669 686
669 684 668
675 687 678
687 675 680
680 688 687
688 680 681
678 689 677
690 677 689
677 690 691
689 678 692
693 689 692
689 693 694
695 693 692
693 695 696
678 695 692
695 678 687
687 697 695
697 687 688
691 673 677
673 691 671
698 374 376
699 374 698
374 699 373
700 373 699
373 700 367
360 367 700
698 376 380
521 530 701
701 522 521
522 701 532
702 703 704
703 702 705
706 703 705
703 706 707
708 707 706
707 708 709
709 710 707
710 703 707
710 709 711
712 704 703
703 710 712
704 712 713
714 713 712
715 714 712
715 712 710
710 716 715
711 717 710
710 717 716
718 706 705
706 718 719
719 708 706
708 719 720
721 708 720
708 721 722
722 709 708
723 722 721
722 723 724
723 725 724
725 723 726
727 719 718
719 727 728
729 726 723
726 729 730
720 731 721
731 720 732
732 719 728
719 732 720
723 733 729
723 721 733
733 721 731
734 730 729
733 734 729
730 734 735
734 736 735
736 734 737
738 737 734
734 733 738
731 738 733
737 738 739
738 740 739
740 738 741
732 741 731
738 731 741
741 742 740
742 741 743
741 732 743
743 744 742
744 743 745
732 745 743
745 746 744
746 745 747
728 747 745
747 728 727
745 732 728
747 748 746
748 747 749
727 749 747
750 748 749
748 750 751
749 752 750
752 749 753
749 727 753
753 754 752
754 753 755
755 756 754
756 755 702
753 718 755
718 753 727
705 755 718
755 705 702
702 757 756
757 702 704
704 758 757
758 704 713
759 758 713
758 759 760
759 761 760
761 759 762
759 763 762
763 759 714
714 759 713
714 764 763
764 714 715
715 765 764
765 715 716
716 766 765
766 716 717
767 766 717
717 768 767
711 768 717
768 711 769
711 770 769
770 711 709
709 722 770
724 770 722
770 724 771
771 769 770
725 771 724
771 725 772
773 771 772
771 773 774
769 771 774
775 774 773
774 775 776
777 774 776
774 777 769
768 769 777
778 779 780
779 778 781
782 780 779
780 782 783
784 783 782
783 784 785
786 785 784
785 786 787
788 787 786
787 788 789
790 781 778
781 790 791
792 791 790
791 792 793
794 793 792
793 794 795
790 796 792
796 790 797
797 798 796
798 797 799
799 800 798
801 798 800
800 802 801
802 800 803
798 801 804
804 796 798
800 799 805
806 805 799
805 806 807
808 805 807
805 808 809
809 800 805
800 809 803
810 807 806
807 810 811
810 812 811
812 810 813
814 812 813
812 814 815
816 815 814
815 816 817
818 817 816
817 818 819
820 812 815
817 820 815
812 820 821
821 811 812
816 822 818
822 816 823
814 823 816
823 814 824
814 825 824
825 814 813
813 826 825
826 813 810
806 826 810
826 806 827
799 827 806
827 799 797
819 828 817
820 817 828
828 819 829
739 821 820
828 739 820
821 739 740
740 830 821
811 821 830
830 807 811
807 830 808
742 808 830
830 740 742
808 742 744
744 809 808
809 744 746
746 803 809
803 746 748
751 803 748
803 751 802
739 828 737
829 737 828
737 829 736
831 832 833
832 831 834
834 835 832
835 834 836
837 832 835
832 837 838
833 832 838
839 838 837
838 839 840
841 838 840
833 838 841
831 842 834
842 831 843
834 844 836
844 834 842
831 845 843
833 845 831
846 841 840
841 846 847
848 847 846
846 849 848
850 848 849
848 850 851
849 846 852
852 840 839
840 852 846
853 851 850
851 853 854
854 855 851
851 855 856
847 848 856
851 856 848
856 857 847
857 856 858
855 858 856
855 859 858
860 859 855
855 854 860
859 860 861
862 859 861
859 862 863
864 863 862
863 864 865
866 863 865
867 859 863
858 859 867
866 867 863
858 867 868
858 868 857
869 867 866
867 869 868
864 870 865
870 864 871
872 870 871
872 871 873
870 872 874
875 870 874
870 875 876
876 865 870
876 869 866
876 866 865
875 877 876
869 876 877
877 875 878
872 879 874
879 872 880
873 880 872
880 881 879
881 880 882
882 883 881
883 882 884
882 885 884
883 886 881
886 879 881
886 883 887
887 888 886
888 887 889
889 890 888
890 889 891
879 886 892
886 893 892
893 886 888
893 878 892
888 894 893
894 888 890
884 895 883
895 887 883
895 884 896
887 895 897
897 889 887
889 897 898
898 891 889
891 898 899
885 900 884
900 896 884
894 901 893
902 901 894
903 901 902
901 878 893
892 878 875
874 892 875
892 874 879
904 878 901
903 904 901
903 905 904
903 906 905
878 904 877
905 877 904
877 905 869
905 868 869
868 905 906
906 857 868
857 906 907
841 857 907
906 845 907
857 841 847
906 903 908
908 845 906
841 907 833
845 833 907
896 909 910
911 896 910
896 911 895
911 897 895
897 911 912
912 898 897
898 912 913
913 899 898
899 913 914
896 900 909
909 915 910
915 909 900
910 915 916
917 910 916
918 917 916
919 920 921
920 919 922
919 921 923
924 922 919
919 923 924
922 924 925
926 925 924
923 926 924
925 926 927
928 927 926
927 928 929
928 930 929
930 928 931
932 931 928
933 932 928
933 934 932
935 932 934
932 935 936
931 932 936
935 937 936
937 931 936
937 935 938
938 939 937
939 938 940
934 933 941
933 942 941
942 933 943
928 943 933
943 944 942
944 943 923
939 945 937
931 937 945
945 939 946
947 945 946
945 947 948
948 931 945
931 948 930
926 923 943
943 928 926
923 921 944
949 854 853
854 949 950
950 860 854
860 950 951
951 861 860
861 951 952
952 862 861
862 952 953
862 953 864
953 871 864
871 953 873
880 873 954
954 882 880
882 954 885
842 843 955
956 842 955
956 955 957
844 842 956
920 922 958
958 959 920
960 961 962
962 961 963
964 962 963
965 962 964
965 960 962
964 966 965
963 961 967
961 968 967
968 961 969
969 970 968
970 969 971
969 972 971
973 970 971
974 973 971
971 972 974
973 974 975
976 973 975
973 976 977
976 978 977
978 976 979
979 980 978
980 979 981
982 980 981
980 982 983
970 973 984
977 984 973
984 977 985
986 977 978
977 986 985
987 978 980
978 987 986
983 987 980
987 983 988
984 985 989
990 984 989
984 990 970
991 970 990
970 991 968
985 986 992
989 985 992
986 987 993
992 986 993
987 988 994
993 987 994
991 967 968
963 967 991
993 995 992
995 989 992
990 989 995
995 993 996
994 996 993
996 994 997
991 990 998
998 990 995
995 996 999
999 998 995
996 997 1000
999 996 1000
1000 1001 999
998 999 1001
1001 1000 1002
1001 1002 1003
1004 1003 1002
1005 1003 1004
1002 1006 1004
1007 1004 1006
1004 1007 1008
1008 1005 1004
1009 1008 1007
1008 1009 1010
1011 1010 1009
1010 1011 1012
1013 1010 1012
1010 1013 1014
1015 1010 1014
1010 1015 1008
1005 1008 1015
1013 1016 1014
1016 1015 1014
1016 1013 1017
1015 1016 1018
1015 1019 1005
1019 1015 1018
1020 1019 1018
1019 1020 1021
1022 1021 1020
1021 1022 1023
1024 1023 1022
1025 1026 1027
1026 1025 1028
1025 1029 1028
1029 1025 1030
969 1031 972
961 1031 969
960 1031 961
964 1032 966
1033 1034 1035
1034 1033 1036
1037 1036 1033
1036 1037 1038
1039 1038 1037
1038 1039 1040
1041 1040 1039
1040 1041 1042
1036 1043 1034
1043 1036 1044
1038 1044 1036
1045 1040 1042
1040 1045 1046
1046 1038 1040
1038 1046 1047
1044 1038 1047
1048 1046 1045
1046 1048 1049
1049 1047 1046
1047 1049 1050
1047 1051 1044
1051 1047 1050
1051 1043 1044
1043 1051 1052
1052 1053 1043
1054 1043 1053
1043 1054 1034
1054 1035 1034
1035 1054 1055
1054 1056 1055
1056 1054 1057
1058 1056 1057
1056 1058 1059
1054 1060 1057
1060 1054 1053
1061 1057 1060
1057 1061 1058
1062 1059 1058
1063 1062 1058
1061 1063 1058
1062 1063 1064
1059 1062 1065
1063 1066 1064
1066 1067 1064
1067 1066 1068
1066 1063 1069
1063 1061 1069
1070 1061 1060
1061 1070 1071
1071 1069 1061
1060 1072 1070
1072 1060 1053
1053 1052 1072
1073 1072 1052
1072 1073 1074
1074 1070 1072
1075 1074 1073
1074 1075 1076
1070 1074 1077
1077 1071 1070
1076 1077 1074
1078 1075 1073
1052 1078 1073
1075 1078 1079
1078 1080 1079
1080 1078 1081
1051 1081 1078
1078 1052 1051
1081 1051 1050
1080 1082 1079
1082 1080 1083
1084 1083 1080
1081 1084 1080
1083 1084 1085
1079 1086 1075
1086 1079 1082
1086 1076 1075
1076 1086 1087
1087 1088 1076
1077 1076 1088
1088 1087 1089
1090 1087 1086
1087 1090 1091
1091 1089 1087
1050 1092 1081
1084 1081 1092
1093 1084 1092
1084 1093 1094
1092 1048 1093
1048 1092 1049
1092 1050 1049
1095 1091 1090
1090 1096 1095
1097 1095 1096
1096 1098 1097
1098 1096 1099
1096 1100 1099
1100 1096 1101
1096 1090 1101
1102 1098 1099
1098 1102 1103
1104 1103 1102
1102 1105 1104
1105 1102 1106
1106 1099 1100
1099 1106 1102
1103 1104 1107
1095 1097 1108
1095 1108 1109
1091 1095 1109
1110 1091 1109
1091 1110 1111
1089 1091 1111
1112 1089 1111
1089 1112 1113
1114 1089 1113
1089 1114 1088
1115 1113 1112
1113 1115 1116
1116 1114 1113
1117 1088 1114
1088 1117 1077
1071 1077 1117
1114 1118 1117
1118 1114 1119
1114 1116 1119
1120 1119 1116
1115 1120 1116
1119 1120 1121
1121 1118 1119
1122 1121 1120
1121 1122 1123
1124 1122 1120
1120 1115 1124
1122 1124 1125
1124 1126 1125
1126 1124 1127
1128 1126 1127
1126 1128 1129
1130 1129 1128
1129 1130 1131
1131 1132 1129
1132 1131 1133
1126 1134 1125
1134 1122 1125
1134 1126 1135
1135 1129 1132
1129 1135 1126
1123 1136 1121
1136 1123 1137
1122 1134 1138
1139 1137 1123
1123 1138 1139
1137 1139 1140
1140 1141 1137
1141 1140 1142
1138 1123 1122
1143 1137 1141
1137 1143 1136
1144 1136 1143
1136 1144 1118
1118 1121 1136
1144 1117 1118
1117 1144 1071
1142 1068 1141
1068 1142 1067
1069 1071 1144
1143 1069 1144
1069 1143 1066
1066 1141 1068
1141 1066 1143
1145 1146 1147
1148 1146 1145
1149 1148 1145
1149 1145 1150
1145 1151 1150
1151 1145 1152
1147 1152 1145
1149 1153 1148
1153 1149 1154
1155 1154 1149
1156 1154 1155
1154 1156 1157
1156 1158 1157
1159 1157 1158
1158 1160 1159
1161 1159 1160
1159 1161 1162
1162 1163 1159
1157 1159 1163
1163 1154 1157
1162 1164 1163
1160 1158 1165
1158 1156 1166
1166 1165 1158
1165 1166 1167
1154 1163 1168
1164 1168 1163
1169 1154 1168
1168 1170 1169
1168 1164 1171
1171 1170 1168
1170 1171 1172
1173 1167 1166
1156 1173 1166
1173 1156 1174
1174 1175 1173
1175 1174 1176
1177 1175 1176
1175 1177 1178
1179 1175 1178
1176 1180 1177
1180 1181 1177
1181 1180 1182
1180 1176 1183
1174 1183 1176
1183 1184 1180
1184 1183 1185
1183 1174 1186
1183 1187 1185
1187 1183 1186
1186 1149 1187
1149 1186 1155
1174 1155 1186
1155 1174 1156
1188 1175 1179
1189 1175 1188
1175 1189 1173
1167 1173 1189
1180 1190 1182
1190 1180 1184
1150 1187 1149
1187 1150 1191
1191 1185 1187
1151 1191 1150
1191 1151 1192
1192 1193 1191
1193 1192 1194
1195 1193 1194
1195 1194 1196
1195 1197 1193
1197 1195 1198
1196 1199 1195
1199 1196 1200
1201 1197 1198
1198 1202 1201
1202 1198 1203
1195 1203 1198
1203 1195 1199
1197 1201 1204
1205 1199 1200
1199 1205 1206
1206 1203 1199
1207 1206 1205
1206 1207 1208
1208 1209 1206
1203 1206 1209
1209 1208 1210
1210 1211 1209
1211 1210 1212
1209 1213 1203
1203 1213 1202
1211 1213 1209
1214 1208 1207
1208 1214 1215
1215 1210 1208
1216 1215 1214
1215 1216 1217
1218 1217 1216
1217 1218 1219
1219 1220 1217
1220 1219 1221
1221 1222 1220
1222 1221 1223
1224 1223 1221
1223 1224 1225
1221 1226 1224
1219 1226 1221
1219 1227 1226
1219 1218 1227
1226 1227 1228
1229 1224 1226
1226 1228 1229
1230 1224 1229
1230 1225 1224
1231 1230 1229
1230 1231 1232
1233 1232 1231
1231 1234 1233
1234 1231 1235
1235 1229 1228
1229 1235 1231
1232 1233 1236
1236 1237 1232
1237 1236 1238
1237 1239 1232
1232 1239 1230
1239 1237 1240
1241 1239 1240
1239 1241 1242
1239 1242 1230
1225 1242 1241
1225 1230 1242
1234 1243 1233
1243 1236 1233
1243 1234 1244
1244 1039 1243
1037 1243 1039
1243 1037 1245
1236 1243 1245
1245 1238 1236
1033 1245 1037
1245 1033 1246
1238 1245 1246
1039 1244 1041
1244 1247 1041
1248 1041 1247
1041 1248 1042
1247 1249 1248
1249 1247 1250
1250 1251 1249
1251 1250 1252
1252 1253 1251
1253 1252 1254
1255 1251 1253
1251 1255 1256
1256 1249 1251
1248 1045 1042
1045 1248 1257
1249 1257 1248
1257 1249 1258
1249 1256 1258
1257 1048 1045
1048 1257 1259
1258 1259 1257
1259 1258 1260
1258 1261 1260
1261 1258 1256
1255 1261 1256
1261 1255 1262
1254 1263 1253
1263 1255 1253
1263 1254 1264
1265 1263 1264
1263 1265 1266
1265 1267 1266
1267 1265 1268
1255 1263 1269
1263 1270 1269
1270 1263 1266
1271 1266 1267
1266 1271 1270
1268 1272 1267
1272 1273 1267
1273 1271 1267
1273 1272 1274
1272 1268 1275
1276 1273 1274
1277 1276 1274
1276 1277 1278
1273 1276 1279
1271 1273 1279
1271 1280 1270
1280 1271 1281
1279 1281 1271
1282 1270 1280
1270 1282 1269
1262 1269 1282
1269 1262 1255
1282 1283 1262
1283 1282 1284
1280 1284 1282
1284 1285 1283
1285 1284 1286
1284 1280 1287
1281 1287 1280
1287 1286 1284
1285 1288 1283
1288 1262 1283
1288 1285 1289
1290 1288 1289
1288 1290 1291
1291 1261 1288
1262 1288 1261
1261 1291 1260
1292 1290 1289
1290 1292 1293
1293 1294 1290
1294 1291 1290
1294 1293 1295
1296 1289 1285
1289 1296 1292
1286 1296 1285
1296 1286 1297
1298 1297 1286
1286 1287 1298
1297 1298 1299
1297 1300 1296
1300 1297 1301
1299 1301 1297
1302 1260 1291
1291 1294 1302
1294 1093 1302
1093 1294 1094
1048 1302 1093
1302 1048 1259
1260 1302 1259
1301 1303 1300
1304 1300 1303
1303 1305 1304
1306 1304 1305
1304 1306 1307
1308 1304 1307
1304 1308 1309
1300 1304 1309
1306 1310 1307
1310 1306 1311
1311 1312 1310
1313 1310 1312
1310 1313 1314
1307 1314 1308
1314 1307 1310
1312 1311 1315
1305 1303 1316
1303 1317 1316
1303 1301 1317
1301 1318 1317
1318 1301 1319
1301 1299 1319
1299 1320 1319
1320 1299 1321
1299 1322 1321
1322 1299 1298
1321 1323 1320
1323 1321 1324
1322 1324 1321
1298 1325 1322
1325 1298 1287
1287 1281 1325
1326 1322 1325
1322 1326 1327
1324 1322 1327
1327 1328 1324
1328 1323 1324
1328 1327 1329
1326 1329 1327
1329 1330 1328
1330 1329 1331
1330 1332 1328
1323 1328 1332
1332 1330 1333
1334 1332 1333
1332 1334 1335
1334 1336 1335
1336 1334 1337
1337 1338 1336
1338 1337 1339
1340 1339 1337
1339 1340 1341
1342 1334 1333
1330 1342 1333
1334 1342 1343
1337 1343 1340
1343 1337 1334
1344 1331 1329
1331 1344 1345
1342 1330 1346
1345 1347 1331
1346 1331 1347
1347 1345 1348
1349 1348 1345
1348 1349 1350
1331 1346 1330
1351 1345 1344
1345 1351 1349
1344 1352 1351
1352 1344 1326
1329 1326 1344
1325 1352 1326
1352 1325 1281
1278 1350 1349
1350 1278 1277
1281 1279 1352
1279 1351 1352
1351 1279 1276
1276 1349 1351
1349 1276 1278
1353 1354 1355
1353 1356 1354
1356 1353 1357
1358 1355 1354
1359 1354 1356
1354 1359 1360
1358 1354 1360
1361 1360 1359
1360 1361 1362
1362 1358 1360
1363 1362 1361
1362 1363 1364
1363 1365 1364
1365 1363 1366
1366 1367 1365
1367 1366 1368
1368 1369 1367
1369 1368 1370
1370 1371 1369
1369 1371 1372
1371 1370 1373
1373 1374 1371
1371 1374 1375
1371 1375 1372
1372 1375 1376
1376 1375 1377
1374 1373 1378
1379 1374 1378
1374 1379 1380
1374 1380 1375
1375 1380 1381
1377 1375 1381
1372 1376 1382
1383 1382 1376
1377 1383 1376
1382 1383 1384
1385 1382 1384
1382 1386 1372
1387 1386 1382
1385 1387 1382
1387 1388 1386
1387 1389 1388
1390 1389 1387
1390 1387 1385
1391 1389 1390
1392 1389 1391
1389 1393 1388
1392 1393 1389
1393 1394 1388
1394 1386 1388
1394 1393 1395
1396 1393 1392
1396 1395 1393
1395 1396 1397
1392 1398 1396
1399 1398 1392
1400 1398 1399
1401 1399 1392
1399 1401 1402
1403 1400 1399
1403 1399 1402
1403 1402 1404
1403 1355 1400
1405 1403 1404
1405 1355 1403
1406 1355 1405
1396 1407 1397
1407 1396 1398
1400 1407 1398
1407 1400 1358
1400 1355 1358
1408 1406 1405
1353 1355 1406
1358 1362 1407
1407 1364 1397
1364 1407 1362
1364 1395 1397
1395 1364 1365
1365 1394 1395
1394 1365 1367
1367 1369 1394
1394 1369 1386
1369 1372 1386
1405 1409 1408
1409 1410 1408
1409 1411 1410
1411 1412 1410
1413 1411 1409
1404 1413 1409
1414 1413 1404
1402 1414 1404
1415 1414 1402
1401 1415 1402
1415 1401 1416
1401 1417 1416
1391 1416 1417
1401 1392 1417
1392 1391 1417
1391 1418 1416
1418 1391 1390
1419 1418 1390
1419 1390 1385
1419 1385 1420
1420 1385 1384
1420 1384 1421
1384 1422 1421
1422 1384 1383
1423 1422 1383
1377 1423 1383
1423 1424 1422
1425 1426 1427
1426 1425 1428
1429 1425 1427
1425 1429 1430
1431 1430 1429
1430 1431 1432
1428 1433 1426
1433 1428 1434
1434 1435 1433
1435 1434 1436
1436 1437 1435
1437 1436 1438
1439 1437 1438
1437 1439 1440
1441 1440 1439
1440 1441 1442
1443 1442 1441
1442 1443 1444
1445 1444 1443
1444 1445 1446
1447 1448 1449
1450 1447 1449
1451 1450 1449
1452 1451 1449
1453 1452 1449
1454 1453 1449
1448 1455 1449
1455 1456 1449
1456 1457 1449
1457 1454 1449
1217 1458 1215
1458 1217 1220
1220 1459 1458
1459 1220 1222
1210 1215 1458
1458 1212 1210
1212 1458 1459
1154 1169 1153
1460 1153 1169
1153 1460 1461
1461 1148 1153
1148 1461 1462
1146 1148 1462
1463 1464 1465
1466 1463 1465
1463 1466 1467
1463 1468 1464
1468 1463 1469
1463 1467 1469
1464 1468 1470
1464 1470 1471
1472 1464 1471
1464 1472 1473
1474 1473 1472
1473 1474 1475
1152 1147 1476
1477 1152 1476
1152 1477 1478
1478 1477 1479
1478 1151 1152
1151 1478 1480
1481 1480 1478
1481 1478 1482
1482 1478 1479
1483 1481 1482
1481 1483 1484
1485 1481 1484
1486 1485 1484
1484 1487 1486
1488 1486 1487
1487 1489 1488
1490 1488 1489
1489 1491 1490
1491 1489 1492
1492 1489 1493
1489 1487 1493
1484 1493 1487
1492 1493 1494
1488 1490 1495
1486 1488 1496
1495 1496 1488
1496 1495 1497
1493 1484 1498
1498 1494 1493
1499 1498 1484
1498 1499 1500
1494 1498 1501
1501 1498 1500
1500 1502 1501
1497 1503 1496
1503 1486 1496
1486 1503 1504
1505 1504 1503
1504 1505 1506
1507 1506 1505
1505 1508 1507
1509 1508 1505
1510 1506 1507
1511 1510 1507
1510 1511 1512
1506 1510 1513
1513 1504 1506
1514 1513 1510
1513 1514 1515
1504 1513 1516
1513 1517 1516
1517 1513 1515
1481 1516 1517
1516 1481 1485
1485 1504 1516
1504 1485 1486
1518 1509 1505
1505 1519 1518
1519 1505 1503
1503 1497 1519
1520 1510 1512
1510 1520 1514
1517 1480 1481
1480 1517 1521
1515 1521 1517
1521 1151 1480
1151 1521 1192
1522 1192 1521
1192 1522 1194
1523 1194 1522
1523 1196 1194
1524 1523 1522
1523 1524 1525
1526 1196 1523
1196 1526 1200
1524 1527 1525
1528 1525 1527
1525 1528 1529
1529 1523 1525
1523 1529 1526
1527 1524 1530
1526 1205 1200
1205 1526 1531
1529 1531 1526
1531 1207 1205
1207 1531 1532
1533 1532 1531
1531 1529 1533
1532 1533 1534
1535 1534 1533
1534 1535 1536
1533 1529 1537
1529 1528 1537
1535 1533 1537
1532 1214 1207
1214 1532 1538
1534 1538 1532
1538 1216 1214
1216 1538 1539
1539 1218 1216
1218 1539 1540
1541 1540 1539
1540 1541 1542
1543 1542 1541
1542 1543 1544
1544 1545 1542
1545 1544 1546
1542 1545 1547
1540 1542 1547
1540 1547 1227
1540 1227 1218
1547 1228 1227
1548 1547 1545
1547 1548 1228
1549 1548 1545
1546 1549 1545
1549 1550 1548
1550 1549 1551
1551 1552 1550
1234 1550 1552
1550 1234 1235
1235 1548 1550
1548 1235 1228
1552 1551 1553
1554 1553 1551
1553 1554 1555
1554 1551 1556
1551 1549 1556
1556 1557 1554
1556 1558 1557
1558 1556 1559
1556 1549 1559
1546 1558 1559
1549 1546 1559
1560 1234 1552
1553 1560 1552
1234 1560 1244
1247 1244 1560
1560 1250 1247
1250 1560 1561
1560 1553 1561
1555 1561 1553
1561 1252 1250
1252 1561 1562
1561 1555 1562
1563 1564 1565
1564 1563 1566
1566 1567 1564
1567 1566 1568
1568 1569 1567
1569 1568 1570
1571 1563 1565
1563 1571 1572
1573 1572 1571
1572 1573 1574
1575 1574 1573
1574 1575 1576
1577 1576 1575
1576 1577 1578
1577 1579 1578
1579 1577 1580
1581 1582 1583
1582 1581 1584
1585 1583 1582
1583 1585 1586
1587 1586 1585
1586 1587 1588
1589 1584 1581
1584 1589 1590
1591 1590 1589
1590 1591 1592
1593 1592 1591
1592 1593 1594
1595 1594 1593
1594 1595 1596
1597 1596 1595
1596 1597 1598
1599 1600 1601
1602 1599 1601
1603 1602 1601
1604 1603 1601
1605 1604 1601
1606 1605 1601
1607 1606 1601
1600 1607 1601
1608 1609 1610
1609 1611 1610
1611 1612 1610
1612 1613 1610
1613 1614 1610
1614 1615 1610
1615 1616 1610
1616 1608 1610
1617 1618 1619
1618 1617 1620
1620 1621 1618
1621 1620 1622
1617 1623 1620
1623 1622 1620
1623 1617 1624
1622 1623 1085
1622 1625 1621
1625 1622 1626
1085 1626 1622
1624 1105 1623
1105 1624 1627
1627 1104 1105
1104 1627 1628
1628 1107 1104
1107 1628 1629
1626 1085 1084
1106 1623 1105
1623 1106 1085
1100 1085 1106
1085 1100 1083
1101 1083 1100
1083 1101 1082
1101 1086 1082
1086 1101 1090
1626 1094 1625
1094 1626 1084
1630 1107 1629
1630 1631 1107
1630 1632 1631
1633 1631 1632
1631 1633 1634
1632 1635 1633
1635 1632 1636
1636 1637 1635
1637 1636 1638
1638 1639 1637
1639 1638 1640
1641 1640 1638
1642 1633 1635
1633 1642 1643
1643 1634 1633
1644 1635 1637
1635 1644 1642
1642 1645 1643
1645 1642 1646
1644 1646 1642
1646 1644 1647
1648 1638 1636
1638 1648 1641
1636 1649 1648
1649 1636 1632
1646 1650 1645
1650 1646 1651
1647 1651 1646
1651 1647 1652
1653 1652 1647
1652 1653 1654
1654 1655 1652
1655 1654 1656
1657 1655 1656
1655 1657 1658
1651 1659 1650
1659 1651 1660
1660 1652 1655
1652 1660 1651
1658 1660 1655
1660 1658 1661
1661 1659 1660
1662 1661 1658
1661 1662 1663
1663 1664 1661
1659 1661 1664
1664 1663 1665
1665 1666 1664
1666 1659 1664
1666 1665 1667
1659 1666 1668
1668 1650 1659
1650 1668 1669
1670 1669 1668
1669 1670 1671
1669 1645 1650
1645 1669 1672
1671 1672 1669
1673 1645 1672
1645 1673 1643
1634 1643 1673
1108 1673 1672
1672 1671 1108
1671 1109 1108
1109 1671 1110
1110 1671 1674
1671 1670 1674
1110 1674 1675
1673 1108 1097
1673 1098 1634
1098 1673 1097
1103 1634 1098
1634 1103 1631
1107 1631 1103
1675 1111 1110
1111 1675 1112
1675 1115 1112
1115 1675 1676
1674 1676 1675
1676 1124 1115
1124 1676 1127
1677 1127 1676
1676 1674 1677
1127 1677 1678
1679 1678 1677
1670 1679 1677
1668 1679 1670
1679 1668 1666
1667 1679 1666
1679 1667 1680
1680 1681 1679
1681 1127 1678
1679 1681 1678
1681 1680 1682
1682 1128 1681
1127 1681 1128
1128 1682 1683
1128 1683 1130
1674 1670 1677
1684 1685 1686
1685 1684 1687
1688 1687 1684
1687 1688 1689
1689 1640 1687
1685 1687 1640
1640 1689 1639
1689 1690 1639
1690 1689 1691
1688 1691 1689
1690 1691 1653
1690 1637 1639
1637 1690 1644
1641 1685 1640
1691 1688 1692
1692 1653 1691
1653 1692 1693
1693 1654 1653
1654 1693 1694
1694 1656 1654
1656 1694 1695
1696 1656 1695
1656 1696 1657
1697 1657 1696
1657 1697 1698
1698 1658 1657
1658 1698 1662
1696 1699 1697
1699 1696 1700
1695 1700 1696
1700 1701 1699
1701 1700 1702
1702 1703 1701
1703 1702 1704
1704 1705 1703
1705 1704 1706
1704 1707 1706
1707 1704 1708
1702 1708 1704
1708 1709 1707
1709 1708 1710
1711 1709 1710
1709 1711 1712
1713 1712 1711
1712 1713 1714
1713 1715 1714
1715 1713 1716
1717 1710 1708
1708 1702 1717
1710 1717 1718
1718 1711 1710
1719 1718 1717
1718 1719 1720
1711 1718 1721
1720 1721 1718
1721 1713 1711
1721 1720 1722
1713 1721 1723
1722 1723 1721
1723 1722 1724
1713 1725 1716
1725 1713 1723
1723 1726 1725
1726 1723 1724
1716 1727 1715
1727 1716 1728
1729 1727 1728
1727 1729 1730
1728 1731 1729
1731 1728 1732
1726 1732 1725
1716 1732 1728
1732 1716 1725
1730 1733 1727
1733 1730 1734
1733 1715 1727
1715 1733 1735
1735 1714 1715
1714 1735 1736
1736 1712 1714
1712 1736 1737
1737 1709 1712
1709 1737 1738
1738 1707 1709
1707 1738 1739
1740 1707 1739
1707 1740 1706
1741 1706 1740
1706 1741 1705
1733 1742 1735
1742 1736 1735
1743 1739 1738
1739 1743 1744
1744 1740 1739
1745 1737 1736
1736 1742 1745
1742 1746 1745
1747 1745 1746
1745 1747 1748
1737 1745 1748
1738 1748 1743
1748 1738 1737
1747 1743 1748
1746 1742 1749
1750 1749 1742
1749 1750 1751
1752 1751 1750
1751 1752 1753
1742 1733 1750
1734 1750 1733
1750 1734 1752
1751 1753 1754
1751 1755 1749
1755 1751 1754
1755 1746 1749
1746 1755 1756
1747 1746 1756
1747 1756 1757
1758 1747 1757
1758 1759 1747
1743 1747 1759
1760 1759 1758
1759 1760 1761
1762 1756 1755
1754 1762 1755
1756 1762 1763
1763 1764 1756
1757 1756 1764
1764 1763 1765
1766 1763 1762
1767 1766 1762
1762 1754 1767
1768 1767 1754
1768 1754 1769
1767 1768 1770
1766 1767 1771
1770 1771 1767
1771 1772 1766
1763 1766 1773
1773 1765 1763
1771 1770 1774
1775 1771 1774
1771 1775 1772
1775 1776 1772
1777 1772 1776
1778 1777 1776
1777 1778 1779
1780 1777 1779
1777 1780 1781
1782 1779 1778
1783 1782 1778
1776 1783 1778
1782 1783 1784
1779 1782 1785
1783 1776 1786
1776 1775 1786
1772 1777 1787
1777 1788 1787
1788 1777 1781
1788 1766 1787
1782 1789 1785
1789 1782 1784
1784 1790 1789
1791 1789 1790
1790 1792 1791
1792 1790 1793
1789 1791 1794
1795 1791 1792
1791 1795 1796
1795 1797 1796
1797 1795 1798
1798 1799 1797
1799 1800 1797
1800 1796 1797
1800 1799 1801
1799 1798 1802
1803 1799 1802
1799 1803 1804
1804 1801 1799
1801 1804 1805
1796 1800 1806
1806 1791 1796
1791 1806 1794
1806 1807 1794
1807 1806 1780
1804 1803 1808
1804 1765 1805
1765 1804 1809
1804 1808 1809
1809 1810 1765
1810 1764 1765
1764 1810 1811
1810 1809 1812
1808 1812 1809
1812 1808 1813
1814 1813 1808
1813 1814 1815
1816 1815 1814
1815 1816 1817
1818 1813 1815
1813 1818 1819
1812 1820 1810
1820 1812 1821
1812 1813 1821
1818 1822 1819
1822 1818 1823
1824 1822 1823
1822 1824 1825
1823 1826 1824
1826 1823 1827
1823 1828 1827
1828 1823 1818
1815 1828 1818
1828 1815 1817
1822 1825 1829
1822 1829 1830
1829 1831 1830
1831 1829 1832
1832 1833 1831
1833 1832 1834
1835 1831 1833
1835 1833 1836
1836 1833 1834
1835 1836 1837
1835 1837 1838
1839 1838 1837
1838 1839 1840
1744 1838 1840
1838 1744 1761
1740 1744 1840
1839 1740 1840
1740 1839 1741
1838 1760 1835
1760 1831 1835
1761 1760 1838
1831 1760 1841
1842 1831 1841
1820 1842 1841
1760 1820 1841
1820 1760 1758
1758 1843 1820
1758 1757 1843
1811 1843 1757
1810 1843 1811
1843 1810 1820
1821 1842 1820
1821 1844 1842
1830 1842 1844
1842 1830 1831
1830 1844 1822
1822 1844 1819
1813 1819 1844
1813 1844 1821
1757 1764 1811
1632 1630 1649
1732 1726 1845
1846 1732 1845
1732 1846 1731
1726 1684 1845
1684 1726 1688
1686 1845 1684
1845 1686 1846
1726 1692 1688
1692 1726 1724
1724 1693 1692
1693 1724 1722
1722 1694 1693
1694 1722 1720
1720 1695 1694
1695 1720 1719
1700 1695 1719
1719 1702 1700
1702 1719 1717
1647 1644 1690
1647 1690 1653
1847 1848 1849
1848 1847 1850
1847 1851 1850
1851 1847 1852
1852 1853 1851
1853 1852 1854
1855 1849 1848
1849 1855 1856
1857 1856 1855
1856 1857 1858
1858 1857 1859
1860 1861 1862
1861 1860 1863
1862 1864 1860
1865 1866 1867
1866 1865 1868
1869 1867 1866
1867 1869 1870
1869 1871 1870
1871 1869 1872
1873 1868 1865
1868 1873 1874
1872 1875 1871
1875 1872 1876
1793 1874 1873
1874 1793 1790
1790 1784 1874
1877 1875 1876
1876 1878 1877
1878 1876 1770
1876 1774 1770
1774 1876 1872
1869 1774 1872
1774 1869 1775
1866 1775 1869
1775 1866 1786
1868 1786 1866
1786 1868 1783
1874 1783 1868
1783 1874 1784
1770 1879 1878
1879 1770 1768
1879 1768 1769
1769 1754 1753
1880 1881 1882
1881 1880 1883
1882 1884 1880
1884 1882 1885
1807 1789 1794
1789 1807 1785
1807 1779 1785
1779 1807 1780
1806 1781 1780
1781 1806 1800
1801 1781 1800
1781 1801 1788
1805 1788 1801
1788 1805 1773
1765 1773 1805
1773 1766 1788
1766 1772 1787
1744 1759 1761
1759 1744 1743
1886 1887 1888
1887 1886 1889
1888 1890 1886
1890 1888 1891
1891 1892 1890
1892 1891 1893
1894 1892 1893
1892 1894 1895
1896 1895 1894
1895 1896 1897
1898 1897 1896
1897 1898 1899
1889 1900 1887
1900 1889 1901
1902 1900 1901
1900 1902 1903
1904 1891 1888
1888 1905 1904
1905 1888 1887
1893 1906 1894
1906 1893 1907
1908 1894 1906
1894 1908 1896
1909 1896 1908
1896 1909 1898
1910 1900 1903
1900 1910 1911
1911 1887 1900
1887 1911 1905
1905 1912 1904
1912 1905 1913
1914 1904 1912
1904 1914 1915
1891 1904 1915
1907 1891 1915
1891 1907 1893
1915 1916 1907
1916 1915 1914
1916 1906 1907
1906 1916 1917
1908 1918 1909
1918 1908 1919
1919 1906 1917
1906 1919 1908
1920 1911 1910
1911 1920 1921
1921 1905 1911
1905 1921 1913
1914 1922 1916
1922 1917 1916
1922 1914 1923
1923 1924 1922
1924 1923 1925
1923 1926 1925
1926 1923 1927
1927 1928 1926
1928 1927 1929
1930 1922 1924
1922 1930 1931
1932 1931 1930
1931 1932 1933
1934 1933 1932
1933 1934 1935
1929 1936 1928
1936 1929 1937
1937 1938 1936
1938 1937 1939
1933 1917 1931
1917 1922 1931
1917 1933 1919
1935 1919 1933
1930 1940 1932
1940 1930 1941
1941 1942 1940
1942 1941 1943
1944 1943 1941
1943 1944 1945
1946 1945 1944
1945 1946 1947
1946 1948 1947
1948 1946 1949
1949 1950 1948
1950 1949 1951
1952 1940 1942
1940 1952 1953
1951 1954 1950
1954 1951 1955
1955 1956 1954
1956 1955 1957
1926 1951 1949
1951 1926 1928
1928 1955 1951
1949 1925 1926
1925 1949 1946
1944 1925 1946
1925 1944 1924
1941 1924 1944
1924 1941 1930
1936 1957 1955
1955 1928 1936
1957 1936 1938
1953 1932 1940
1932 1953 1934
1939 1921 1920
1921 1939 1937
1937 1913 1921
1913 1937 1929
1927 1913 1929
1913 1927 1912
1923 1912 1927
1912 1923 1914
1919 1935 1918
1958 1959 1960
1961 1958 1960
1962 1961 1960
1963 1962 1960
1964 1963 1960
1965 1964 1960
1966 1965 1960
1959 1966 1960
1185 1191 1193
1197 1185 1193
1185 1197 1184
1204 1184 1197
1184 1204 1190
1967 1968 1969
1968 1967 1970
1968 1971 1969
1971 1968 1972
1972 1973 1971
1973 1972 1974
1975 1974 1972
1968 1975 1972
1974 1975 1976
1970 1977 1968
1975 1968 1977
1977 1970 1978
1979 1977 1978
1980 1977 1979
1980 1975 1977
1975 1980 1981
1976 1975 1982
1975 1981 1982
1971 1983 1969
1983 1971 1984
1973 1984 1971
1984 1973 1985
1973 1986 1985
1986 1973 1987
1974 1987 1973
1987 1988 1986
1988 1987 1989
1990 1988 1989
1988 1990 1991
1984 1992 1983
1992 1984 1993
1991 1994 1988
1994 1991 1995
1996 1985 1986
1985 1996 1997
1984 1997 1993
1997 1984 1985
1988 1994 1998
1988 1998 1986
1998 1996 1986
1995 1999 1994
1999 1998 1994
1999 1995 2000
2001 1999 2000
1999 2001 2002
2002 2003 1999
1998 1999 2003
2003 1996 1998
2003 2002 2004
2005 2003 2004
2003 2005 2006
2006 1997 1996
1996 2003 2006
2007 2006 2005
2006 2007 2008
1997 2006 2008
2009 2008 2007
2008 2009 2010
2010 1997 2008
2011 2010 2009
2010 2011 2012
2012 1993 2010
1993 2012 1992
1997 2010 1993
2013 2012 2011
2012 2013 2014
2014 1992 2012
2013 2015 2014
2015 2013 2016
2017 2014 2015
2014 2017 2018
1992 2014 2018
2019 2018 2017
2018 2019 2020
2021 2020 2019
2020 2021 1967
2018 1983 1992
1983 2018 2020
2020 1969 1983
1969 2020 1967
2022 1967 2021
1967 2022 1970
2023 1970 2022
1970 2023 1978
2023 2024 1978
2024 2023 2025
2026 2024 2025
2024 2026 2027
2028 2024 2027
2024 2028 1979
1979 1978 2024
2029 1979 2028
1979 2029 1980
2030 1980 2029
1980 2030 1981
2031 1981 2030
1981 2031 1982
2032 1982 2031
1982 2032 2033
1976 1982 2033
2033 2034 1976
2035 1976 2034
1976 2035 1974
1987 1974 2035
2035 1989 1987
1989 2035 2036
2034 2036 2035
2036 1990 1989
1990 2036 2037
2036 2038 2037
2038 2036 2039
2036 2034 2039
2039 2040 2038
2040 2039 2041
2042 2039 2034
2039 2042 2041
2033 2042 2034
2043 2044 2045
2044 2043 2046
2045 2047 2043
2047 2045 2048
2048 2049 2047
2049 2048 2050
2046 2051 2044
2051 2046 2052
2052 2053 2051
2053 2052 2054
2054 2055 2053
2055 2054 2056
2057 2051 2053
2051 2057 2058
2058 2044 2051
2059 2058 2057
2058 2059 2060
2061 2060 2059
2059 2062 2061
2063 2061 2062
2061 2063 2064
2062 2059 2065
2057 2065 2059
2060 2061 2066
2066 2067 2060
2067 2066 2068
2066 2069 2068
2069 2066 2070
2070 2061 2064
2061 2070 2066
2068 2071 2067
2071 2068 2072
2073 2071 2072
2071 2073 2074
2073 2075 2074
2075 2073 2076
2073 2077 2076
2077 2073 2078
2072 2078 2073
2079 2067 2071
2067 2079 2080
2080 2060 2067
2060 2080 2058
2071 2081 2079
2081 2071 2074
2075 2081 2074
2081 2075 2082
2078 2072 2083
2068 2083 2072
2083 2068 2069
2077 2084 2076
2084 2077 2085
2085 2086 2084
2087 2084 2086
2084 2087 2088
2089 2088 2087
2088 2089 2090
2086 2085 2091
2002 2091 2085
2091 2002 2001
2085 2004 2002
2004 2085 2077
2078 2004 2077
2004 2078 2005
2083 2005 2078
2005 2083 2007
2069 2007 2083
2007 2069 2009
2070 2009 2069
2009 2070 2011
2064 2011 2070
2011 2064 2013
2064 2016 2013
2016 2064 2063
2092 2093 2094
2093 2092 2095
2095 2050 2093
2050 2095 2049
2082 2093 2050
2050 2081 2082
2081 2050 2048
2048 2079 2081
2079 2048 2045
2045 2080 2079
2080 2045 2044
2044 2058 2080
2093 2082 2090
2090 2094 2093
2075 2090 2082
2090 2075 2088
2076 2088 2075
2088 2076 2084
2096 2049 2095
2049 2096 2097
2095 2098 2096
2098 2095 2092
2094 2090 2089
2047 2097 2099
2099 2043 2047
2043 2099 2100
2100 2046 2043
2046 2100 2101
2101 2052 2046
2052 2101 2102
2102 2054 2052
2054 2102 2103
2103 2056 2054
2056 2103 2104
2097 2047 2049
2105 2106 2107
2106 2105 2108
2109 2107 2106
2107 2109 2110
2106 2111 2109
2111 2106 2112
2108 2112 2106
2112 2113 2111
2113 2112 2114
2115 2114 2112
2108 2115 2112
2116 2105 2107
2105 2116 2117
2118 2107 2110
2107 2118 2116
2105 2117 2119
2119 2108 2105
2115 2120 2114
2120 2115 2121
2121 2122 2120
2123 2120 2122
2122 2124 2123
2124 2122 2125
2120 2123 2126
2126 2114 2120
2114 2126 2113
2125 2127 2124
2127 2125 2128
2129 2128 2125
2125 2130 2129
2122 2121 2130
2125 2122 2130
2131 2130 2121
2130 2131 2132
2129 2130 2132
2129 2132 2133
2133 2134 2129
2128 2129 2134
2134 2133 2135
2133 2136 2135
2136 2133 2137
2137 2138 2136
2138 2137 2139
2140 2139 2137
2141 2137 2133
2132 2141 2133
2140 2137 2141
2132 2142 2141
2132 2131 2142
2143 2141 2142
2141 2143 2140
2144 2138 2139
2138 2144 2145
2144 2146 2145
2146 2147 2145
2146 2144 2148
2144 2149 2148
2149 2144 2150
2150 2144 2139
2143 2150 2140
2150 2139 2140
2151 2149 2150
2150 2143 2151
2149 2151 2152
2153 2146 2148
2146 2153 2154
2154 2147 2146
2155 2154 2153
2154 2155 2156
2157 2156 2155
2156 2157 2158
2156 2158 2159
2160 2157 2155
2153 2160 2155
2157 2160 2161
2162 2161 2160
2161 2162 2163
2164 2163 2162
2163 2164 2165
2160 2153 2166
2160 2167 2162
2167 2160 2166
2167 2166 2152
2162 2168 2164
2168 2162 2167
2169 2158 2157
2161 2169 2157
2158 2169 2170
2169 2161 2171
2163 2171 2161
2171 2163 2172
2165 2172 2163
2172 2165 2173
2159 2158 2174
2168 2167 2175
2176 2168 2175
2177 2176 2175
2175 2167 2152
2166 2149 2152
2166 2148 2149
2148 2166 2153
2152 2178 2175
2177 2175 2178
2177 2178 2179
2177 2179 2180
2178 2152 2151
2151 2179 2178
2179 2151 2143
2179 2142 2180
2142 2179 2143
2131 2180 2142
2180 2131 2181
2115 2181 2131
2180 2181 2119
2131 2121 2115
2180 2182 2177
2182 2180 2119
2115 2108 2181
2108 2119 2181
2170 2183 2184
2170 2185 2183
2185 2170 2169
2171 2185 2169
2185 2171 2186
2172 2186 2171
2186 2172 2187
2173 2187 2172
2187 2173 2188
2170 2184 2174
2174 2184 2189
2184 2183 2189
2183 2190 2189
2191 2190 2183
2192 2190 2191
2174 2158 2170
2193 2194 2195
2195 2196 2193
2193 2197 2194
2196 2198 2193
2193 2198 2197
2198 2196 2199
2199 2200 2198
2200 2197 2198
2200 2199 2201
2201 2202 2200
2202 2201 2203
2204 2202 2203
2202 2204 2205
2205 2206 2202
2207 2202 2206
2208 2207 2206
2206 2209 2208
2209 2206 2210
2206 2205 2210
2211 2209 2210
2205 2211 2210
2209 2211 2212
2213 2212 2211
2212 2213 2214
2207 2208 2215
2216 2207 2215
2207 2216 2217
2217 2202 2207
2218 2217 2216
2217 2218 2197
2219 2213 2211
2211 2205 2219
2213 2219 2220
2219 2221 2220
2221 2219 2222
2205 2222 2219
2222 2205 2204
2197 2200 2217
2202 2217 2200
2197 2218 2194
2223 2128 2224
2128 2223 2127
2134 2224 2128
2224 2134 2225
2135 2225 2134
2225 2135 2226
2136 2226 2135
2226 2136 2227
2136 2138 2227
2145 2227 2138
2227 2145 2147
2147 2154 2228
2156 2228 2154
2228 2156 2159
2116 2229 2117
2230 2229 2116
2230 2231 2229
2118 2230 2116
2195 2232 2196
2232 2195 2233
2234 2235 2236
2235 2237 2236
2238 2237 2235
2239 2238 2235
2239 2235 2234
2238 2239 2240
2237 2241 2236
2242 2236 2241
2236 2242 2243
2244 2243 2242
2243 2244 2245
2243 2245 2246
2244 2247 2245
2247 2248 2245
2245 2248 2246
2248 2247 2249
2247 2250 2249
2250 2247 2251
2252 2250 2251
2250 2252 2253
2254 2253 2252
2253 2254 2255
2254 2256 2255
2256 2254 2257
2247 2244 2258
2258 2251 2247
2251 2258 2259
2260 2251 2259
2251 2260 2252
2261 2252 2260
2252 2261 2254
2261 2257 2254
2257 2261 2262
2258 2263 2259
2258 2264 2263
2264 2258 2244
2244 2265 2264
2265 2244 2242
2259 2266 2260
2263 2266 2259
2260 2267 2261
2266 2267 2260
2261 2268 2262
2267 2268 2261
2265 2242 2241
2237 2265 2241
2269 2267 2266
2269 2266 2263
2264 2269 2263
2267 2269 2270
2270 2268 2267
2268 2270 2271
2265 2272 2264
2272 2269 2264
2269 2273 2270
2273 2269 2272
2270 2274 2271
2273 2274 2270
2275 2274 2273
2272 2275 2273
2274 2275 2276
2275 2277 2276
2278 2276 2277
2279 2278 2277
2276 2278 2280
2278 2281 2280
2281 2278 2282
2279 2282 2278
2282 2283 2281
2283 2282 2284
2284 2285 2283
2285 2284 2286
2284 2287 2286
2287 2284 2288
2289 2284 2282
2284 2289 2288
2282 2279 2289
2290 2287 2288
2289 2290 2288
2287 2290 2291
2290 2289 2292
2293 2289 2279
2289 2293 2292
2293 2294 2292
2294 2293 2295
2295 2296 2294
2296 2295 2297
2298 2296 2297
2299 2300 2301
2300 2299 2302
2303 2300 2302
2300 2303 2304
2243 2246 2305
2236 2243 2305
2234 2236 2305
2238 2240 2306
2307 2308 2309
2310 2307 2309
2307 2310 2311
2312 2309 2308
2309 2313 2310
2313 2309 2314
2312 2314 2309
2314 2315 2313
2315 2314 2316
2312 2316 2314
2316 2317 2315
2317 2316 2318
2319 2317 2318
2317 2319 2320
2321 2320 2319
2320 2321 2322
2323 2322 2321
2322 2323 2324
2325 2324 2323
2323 2326 2325
2324 2325 2327
2328 2327 2325
2325 2329 2328
2325 2326 2329
2326 2330 2329
2330 2331 2329
2327 2328 2332
2328 2333 2332
2333 2328 2334
2328 2329 2334
2329 2335 2334
2331 2335 2329
2331 2330 2336
2337 2336 2330
2326 2337 2330
2336 2337 2338
2337 2326 2339
2340 2337 2339
2337 2340 2341
2337 2341 2338
2340 2342 2341
2340 2339 2343
2340 2343 2344
2340 2344 2342
2342 2344 2345
2344 2343 2346
2347 2346 2343
2347 2343 2339
2346 2347 2348
2348 2349 2346
2349 2350 2346
2350 2344 2346
2345 2344 2350
2345 2350 2351
2350 2352 2351
2349 2348 2353
2350 2349 2354
2355 2350 2354
2350 2355 2352
2356 2355 2354
2355 2357 2352
2357 2355 2358
2358 2355 2356
2358 2356 2308
2359 2358 2308
2360 2359 2308
2349 2361 2354
2361 2349 2353
2361 2356 2354
2356 2361 2312
2356 2312 2308
2362 2359 2360
2359 2362 2363
2364 2359 2363
2357 2358 2364
2364 2358 2359
2307 2360 2308
2316 2312 2361
2318 2361 2353
2361 2318 2316
2348 2318 2353
2318 2348 2319
2347 2319 2348
2319 2347 2321
2321 2347 2323
2347 2339 2323
2323 2339 2326
2365 2364 2363
2366 2364 2365
2365 2363 2367
2368 2367 2363
2368 2369 2367
2362 2368 2363
2357 2366 2370
2357 2370 2352
2352 2370 2371
2352 2371 2351
2345 2351 2371
2372 2345 2371
2342 2345 2372
2373 2342 2372
2342 2373 2341
2373 2374 2341
2341 2374 2338
2374 2375 2338
2376 2338 2375
2338 2376 2336
2336 2376 2377
2376 2378 2377
2331 2336 2377
2379 2380 2381
2380 2379 2382
2379 2383 2382
2383 2379 2384
2384 2385 2383
2385 2384 2386
2387 2381 2380
2381 2387 2388
2389 2388 2387
2388 2389 2390
2391 2390 2389
2390 2391 2392
2391 2393 2392
2393 2391 2394
2394 2395 2393
2395 2394 2396
2396 2397 2395
2397 2396 2398
2398 2399 2397
2399 2398 2400
2401 2402 2403
2404 2402 2401
2405 2402 2404
2406 2402 2405
2407 2402 2406
2408 2402 2407
2403 2402 2409
2409 2402 2410
2410 2402 2411
2411 2402 2408
2412 1539 1538
1539 2412 1541
2413 1541 2412
1541 2413 1543
1538 1534 2412
1536 2412 1534
2412 1536 2413
1484 1483 1499
1483 2414 1499
2414 1483 2415
2415 1483 1482
1482 2416 2415
1479 2416 1482
2417 2418 2419
2417 2420 2418
2420 2417 2421
2422 2417 2419
2417 2422 2423
2417 2423 2421
2419 2424 2422
2419 2425 2424
2419 2426 2425
2426 2419 2427
2427 2428 2426
2428 2427 2429
2430 2431 2432
2431 2430 2433
2434 2432 2431
2432 2434 2435
2436 2435 2434
2435 2436 2437
2430 2438 2433
2438 2430 2439
2439 2440 2438
2440 2439 2441
2441 2442 2440
2442 2441 2443
2443 2444 2442
2444 2443 2445
2446 2444 2445
2444 2446 2447
2448 2449 2450
2449 2448 2451
2450 2452 2448
2452 2450 2453
2453 2454 2452
2454 2453 2455
2451 2456 2449
2456 2451 2457
2457 2458 2456
2458 2457 2459
2459 2460 2458
2460 2459 2461
2461 2462 2460
2462 2461 2463
2463 2464 2462
2464 2463 2465
2466 2467 2468
2469 2467 2466
2470 2467 2469
2471 2467 2470
2472 2467 2471
2473 2467 2472
2474 2467 2473
2468 2467 2474
2475 2476 2477
2477 2476 2478
2478 2476 2479
2479 2476 2480
2480 2476 2481
2481 2476 2482
2482 2476 2483
2483 2476 2475
2484 1618 2485
1618 2484 1619
1621 2485 1618
2485 1621 2486
2487 2484 2485
2486 2487 2485
2484 2487 2488
2487 2486 1295
1625 2486 1621
2486 1625 2489
2489 1295 2486
1313 2488 2487
2488 1313 2490
1312 2490 1313
2490 1312 2491
1315 2491 1312
2491 1315 2492
1295 2489 1294
2487 1314 1313
1314 2487 1295
1295 1308 1314
1308 1295 1293
1293 1309 1308
1309 1293 1292
1296 1309 1292
1309 1296 1300
2489 1094 1294
1094 2489 1625
2493 2492 1315
2493 1315 2494
2495 2493 2494
2494 2496 2495
2496 2494 2497
2498 2495 2496
2495 2498 2499
2500 2499 2498
2499 2500 2501
2502 2501 2500
2501 2502 2503
2504 2501 2503
2496 2505 2498
2505 2496 2506
2497 2506 2496
2498 2507 2500
2507 2498 2505
2508 2505 2506
2505 2508 2509
2509 2507 2505
2507 2509 2510
2501 2511 2499
2511 2501 2504
2512 2499 2511
2499 2512 2495
2513 2509 2508
2509 2513 2514
2514 2510 2509
2510 2514 2515
2515 2516 2510
2516 2515 2517
2518 2517 2515
2517 2518 2519
2518 2520 2519
2520 2518 2521
2522 2514 2513
2514 2522 2523
2523 2515 2514
2515 2523 2518
2523 2521 2518
2521 2523 2524
2522 2524 2523
2524 2525 2521
2525 2524 2526
2527 2526 2524
2524 2522 2527
2526 2527 2528
2529 2528 2527
2522 2529 2527
2528 2529 2530
2529 2522 2531
2513 2531 2522
2531 2513 2532
2532 2533 2531
2533 2532 2534
2508 2532 2513
2532 2508 2535
2535 2534 2532
2508 2536 2535
2536 2508 2506
2506 2497 2536
2536 1316 2535
2534 2535 1316
1317 2534 1316
2534 1317 1318
1318 2537 2534
2534 2537 2533
1318 2538 2537
1316 2536 1305
2536 1306 1305
1306 2536 2497
2497 1311 1306
1311 2497 2494
1315 1311 2494
1319 2538 1318
2538 1319 1320
1323 2538 1320
2538 1323 2539
2539 2537 2538
1332 2539 1323
2539 1332 1335
1335 2540 2539
2537 2539 2540
2540 1335 2541
2542 2540 2541
2533 2540 2542
2542 2531 2533
2531 2542 2529
2542 2530 2529
2530 2542 2543
2544 2543 2542
1335 2544 2541
2542 2541 2544
2543 2544 2545
1336 2545 2544
2544 1335 1336
2545 1336 2546
1336 1338 2546
2537 2540 2533
2547 2548 2549
2548 2547 2550
2549 2551 2547
2551 2549 2552
2503 2552 2549
2548 2503 2549
2552 2503 2502
2553 2552 2502
2552 2553 2554
2554 2551 2552
2553 2516 2554
2500 2553 2502
2553 2500 2507
2504 2503 2548
2551 2554 2555
2516 2555 2554
2555 2516 2556
2517 2556 2516
2556 2517 2557
2519 2557 2517
2557 2519 2558
2519 2559 2558
2559 2519 2520
2520 2560 2559
2560 2520 2561
2521 2561 2520
2561 2521 2525
2562 2559 2560
2559 2562 2563
2563 2558 2559
2564 2563 2562
2563 2564 2565
2566 2565 2564
2565 2566 2567
2568 2567 2566
2567 2568 2569
2570 2567 2569
2567 2570 2571
2571 2565 2567
2572 2571 2570
2571 2572 2573
2572 2574 2573
2574 2572 2575
2575 2576 2574
2576 2575 2577
2578 2576 2577
2576 2578 2579
2573 2580 2571
2565 2571 2580
2580 2573 2581
2574 2581 2573
2581 2582 2580
2582 2581 2583
2581 2574 2584
2584 2583 2581
2576 2584 2574
2583 2584 2585
2584 2576 2586
2586 2585 2584
2585 2586 2587
2588 2576 2579
2576 2588 2586
2589 2586 2588
2586 2589 2587
2590 2579 2578
2579 2590 2591
2590 2592 2591
2592 2590 2593
2594 2591 2592
2591 2594 2595
2595 2589 2588
2595 2579 2591
2579 2595 2588
2596 2593 2590
2593 2596 2597
2578 2596 2590
2596 2578 2598
2577 2598 2578
2598 2577 2599
2575 2599 2577
2599 2575 2600
2572 2600 2575
2600 2572 2601
2570 2601 2572
2601 2570 2602
2570 2603 2602
2603 2570 2569
2569 2604 2603
2604 2569 2568
2605 2596 2598
2599 2605 2598
2596 2605 2606
2607 2606 2605
2606 2607 2608
2608 2609 2606
2609 2608 2610
2605 2611 2607
2611 2605 2612
2612 2613 2611
2613 2612 2614
2606 2597 2596
2597 2606 2609
2612 2600 2614
2600 2612 2599
2605 2599 2612
2601 2614 2600
2614 2601 2615
2615 2613 2614
2602 2615 2601
2615 2602 2616
2603 2616 2602
2616 2603 2617
2618 2616 2617
2616 2618 2619
2620 2618 2617
2603 2620 2617
2618 2620 2621
2620 2603 2604
2613 2615 2622
2622 2616 2619
2616 2622 2615
2622 2619 2623
2619 2618 2623
2623 2624 2622
2624 2613 2622
2624 2625 2613
2613 2625 2626
2613 2626 2611
2627 2611 2626
2611 2627 2607
2627 2608 2607
2608 2627 2628
2608 2628 2610
2626 2629 2627
2629 2628 2627
2629 2626 2630
2631 2630 2626
2625 2631 2626
2630 2631 2632
2630 2633 2629
2633 2634 2629
2628 2629 2634
2634 2635 2628
2635 2636 2628
2636 2610 2628
2635 2634 2637
2634 2633 2638
2638 2637 2634
2638 2633 2639
2633 2630 2640
2632 2640 2630
2637 2638 2641
2642 2638 2639
2638 2642 2641
2643 2642 2639
2639 2644 2643
2644 2645 2643
2645 2644 2646
2644 2647 2646
2647 2644 2648
2646 2649 2645
2649 2650 2645
2650 2643 2645
2650 2649 2651
2649 2646 2652
2643 2650 2653
2642 2643 2653
2644 2639 2654
2644 2655 2648
2655 2644 2654
2655 2654 2633
2656 2649 2652
2649 2656 2651
2657 2651 2656
2656 2658 2657
2659 2657 2658
2657 2659 2660
2658 2656 2661
2658 2662 2659
2662 2658 2663
2664 2662 2663
2662 2664 2665
2666 2665 2664
2667 2666 2664
2663 2667 2664
2666 2667 2668
2665 2666 2669
2666 2670 2669
2670 2666 2671
2668 2671 2666
2671 2668 2672
2667 2663 2673
2658 2673 2663
2673 2658 2661
2674 2673 2661
2673 2674 2647
2671 2675 2670
2632 2671 2672
2671 2632 2676
2671 2676 2675
2677 2676 2632
2631 2677 2632
2677 2631 2678
2676 2677 2679
2675 2676 2679
2679 2680 2675
2680 2681 2675
2681 2680 2682
2682 2683 2681
2683 2682 2684
2680 2685 2682
2685 2680 2686
2687 2679 2677
2679 2687 2688
2679 2688 2680
2689 2685 2686
2685 2689 2690
2689 2691 2690
2691 2689 2692
2693 2690 2691
2690 2693 2694
2695 2690 2694
2690 2695 2685
2695 2682 2685
2682 2695 2684
2689 2696 2692
2689 2697 2696
2698 2696 2697
2696 2698 2699
2700 2699 2698
2699 2700 2701
2702 2700 2698
2702 2703 2700
2703 2701 2700
2702 2621 2703
2702 2618 2621
2618 2702 2623
2698 2623 2702
2623 2698 2704
2705 2704 2698
2705 2698 2697
2687 2704 2705
2687 2623 2704
2697 2706 2705
2688 2705 2706
2688 2687 2705
2623 2687 2624
2624 2687 2707
2624 2707 2625
2678 2625 2707
2707 2677 2678
2677 2707 2687
2680 2688 2706
2680 2706 2686
2689 2686 2706
2697 2689 2706
2625 2678 2631
2493 2495 2512
2589 2595 2708
2595 2709 2708
2709 2595 2594
2547 2589 2708
2589 2547 2551
2708 2550 2547
2550 2708 2709
2555 2589 2551
2589 2555 2587
2556 2587 2555
2587 2556 2585
2557 2585 2556
2585 2557 2583
2558 2583 2557
2583 2558 2582
2558 2563 2582
2565 2582 2563
2582 2565 2580
2510 2553 2507
2510 2516 2553
2710 2711 2712
2711 2710 2713
2714 2711 2713
2711 2714 2715
2716 2715 2714
2715 2716 2717
2712 2718 2710
2718 2712 2719
2719 2720 2718
2720 2719 2721
2721 2722 2720
2723 2724 2725
2724 2723 2726
2726 2723 2727
2728 2729 2730
2729 2728 2731
2730 2732 2728
2732 2730 2733
2734 2732 2733
2732 2734 2735
2731 2736 2729
2736 2731 2737
2735 2734 2738
2738 2739 2735
2737 2660 2736
2660 2737 2657
2651 2657 2737
2740 2739 2738
2741 2739 2740
2739 2741 2637
2739 2641 2735
2641 2739 2637
2641 2732 2735
2732 2641 2642
2642 2728 2732
2728 2642 2653
2653 2731 2728
2731 2653 2650
2650 2737 2731
2737 2650 2651
2742 2637 2741
2637 2742 2635
2742 2636 2635
2743 2744 2745
2744 2743 2746
2747 2746 2743
2746 2747 2748
2656 2674 2661
2674 2656 2652
2646 2674 2652
2674 2646 2647
2648 2673 2647
2673 2648 2667
2648 2668 2667
2668 2648 2655
2655 2672 2668
2672 2655 2640
2640 2632 2672
2640 2655 2633
2633 2654 2639
2749 2750 2751
2750 2749 2752
2753 2752 2749
2752 2753 2754
2755 2754 2753
2754 2755 2756
2755 2757 2756
2757 2755 2758
2758 2759 2757
2759 2758 2760
2760 2761 2759
2761 2760 2762
2763 2751 2750
2751 2763 2764
2763 2765 2764
2765 2763 2766
2754 2767 2752
2768 2752 2767
2752 2768 2750
2769 2756 2757
2756 2769 2770
2757 2771 2769
2771 2757 2759
2759 2772 2771
2772 2759 2761
2763 2773 2766
2773 2763 2774
2774 2750 2768
2750 2774 2763
2775 2768 2767
2768 2775 2776
2767 2777 2775
2777 2767 2778
2767 2754 2778
2754 2770 2778
2770 2754 2756
2778 2779 2777
2779 2778 2770
2769 2779 2770
2779 2769 2780
2769 2781 2780
2781 2769 2771
2782 2771 2772
2771 2782 2781
2774 2783 2773
2783 2774 2784
2784 2768 2776
2768 2784 2774
2785 2777 2779
2780 2785 2779
2777 2785 2786
2787 2786 2785
2786 2787 2788
2789 2786 2788
2786 2789 2790
2791 2790 2789
2790 2791 2792
2785 2793 2787
2793 2785 2794
2794 2795 2793
2795 2794 2796
2796 2797 2795
2797 2796 2798
2799 2792 2791
2792 2799 2800
2801 2800 2799
2800 2801 2802
2780 2796 2794
2785 2780 2794
2796 2780 2781
2781 2798 2796
2803 2793 2795
2793 2803 2804
2805 2804 2803
2804 2805 2806
2806 2807 2804
2807 2806 2808
2808 2809 2807
2809 2808 2810
2811 2809 2810
2809 2811 2812
2813 2812 2811
2812 2813 2814
2803 2815 2805
2815 2803 2816
2817 2814 2813
2814 2817 2818
2819 2818 2817
2818 2819 2820
2814 2789 2812
2789 2814 2791
2818 2791 2814
2812 2788 2809
2788 2812 2789
2788 2807 2809
2807 2788 2787
2787 2804 2807
2804 2787 2793
2820 2799 2818
2791 2818 2799
2799 2820 2801
2795 2816 2803
2816 2795 2797
2802 2784 2800
2784 2802 2783
2776 2800 2784
2800 2776 2792
2776 2790 2792
2790 2776 2775
2775 2786 2790
2786 2775 2777
2798 2781 2782
2821 2822 2823
2824 2822 2821
2825 2822 2824
2826 2822 2825
2827 2822 2826
2828 2822 2827
2829 2822 2828
2823 2822 2829
1521 1515 1522
1515 1524 1522
1524 1515 1514
1514 1530 1524
1530 1514 1520
2830 2831 2832
2833 2831 2830
2830 2834 2833
2834 2830 2835
2832 2835 2830
2831 2833 2836
2836 2837 2831
2838 2831 2837
2832 2831 2838
2837 2836 2839
2840 2837 2839
2837 2840 2841
2841 2838 2837
2842 2841 2840
2841 2842 2843
2842 2838 2843
2838 2841 2843
2835 2832 2844
2844 2834 2835
2834 2844 2845
2846 2847 2848
2848 2849 2846
2850 2846 2849
2846 2850 2851
2851 2847 2846
2849 2848 2852
2853 2852 2848
2854 2853 2848
2847 2854 2848
2852 2853 2855
2853 2856 2855
2856 2853 2857
2854 2857 2853
2857 2858 2856
2858 2857 2859
2858 2859 2854
2857 2854 2859
2847 2851 2860
2850 2860 2851
2860 2850 2861
2862 2863 2864
2862 2864 2865
2862 2865 2866
2862 2866 2867
2862 2867 2868
2862 2868 2869
2862 2869 2870
2862 2870 2871
2862 2871 2872
2862 2872 2873
2862 2873 2874
2862 2874 2863
2863 2875 2864
2875 2863 2876
2877 2864 2875
2864 2877 2865
2878 2865 2877
2865 2878 2866
2879 2866 2878
2866 2879 2867
2880 2867 2879
2867 2880 2868
2880 2869 2868
2869 2880 2881
2881 2870 2869
2870 2881 2882
2882 2871 2870
2871 2882 2883
2883 2872 2871
2872 2883 2884
2884 2873 2872
2873 2884 2885
2885 2874 2873
2874 2885 2886
2863 2886 2876
2886 2863 2874
2887 2888 2889
2887 2890 2888
2887 2891 2890
2887 2892 2891
2887 2893 2892
2887 2894 2893
2887 2895 2894
2887 2896 2895
2887 2897 2896
2887 2898 2897
2887 2899 2898
2887 2889 2899
2900 2889 2888
2889 2900 2901
2902 2888 2890
2888 2902 2900
2903 2890 2891
2890 2903 2902
2904 2891 2892
2891 2904 2903
2905 2892 2893
2892 2905 2904
2894 2905 2893
2905 2894 2906
2895 2906 2894
2906 2895 2907
2896 2907 2895
2907 2896 2908
2897 2908 2896
2908 2897 2909
2898 2909 2897
2909 2898 2910
2899 2910 2898
2910 2899 2911
2911 2889 2901
2889 2911 2899
2065 2057 2912
2053 2912 2057
2912 2053 2055
796 804 2913
2913 792 796
792 2913 794
823 789 822
789 823 787
824 787 823
787 824 785
825 785 824
785 825 783
826 783 825
783 826 780
827 780 826
780 827 778
797 778 827
778 797 790
2914 786 2915
786 2914 788
784 2915 786
2915 784 2916
782 2916 784
2916 782 2917
779 2917 782
2917 779 2918
781 2918 779
2918 781 2919
791 2919 781
2919 791 2920
793 2920 791
2920 793 2921
795 2921 793
2921 795 2922
2366 2357 2364
1405 1404 1409
