byte offset: 0
first index: 0
index count: 10158
topology: trianglelist
format: DXGI_FORMAT_R16_UINT

0 1 2
1 0 3
4 2 1
2 4 5
6 5 4
5 6 7
6 8 7
8 6 9
9 10 8
10 9 11
11 12 10
12 11 13
3 14 1
14 3 15
1 16 4
16 1 14
4 17 6
17 4 16
6 18 9
18 6 17
9 19 11
19 9 18
19 13 11
13 19 20
7 8 21
22 8 10
8 22 21
23 10 12
10 23 22
22 24 21
24 22 25
23 25 22
25 26 24
27 24 26
24 27 28
28 21 24
27 29 28
7 28 29
7 21 28
29 27 30
30 31 29
5 29 31
5 7 29
31 30 32
32 33 31
2 31 33
2 5 31
33 32 34
26 25 35
36 35 25
35 36 37
38 34 32
34 38 39
40 32 30
32 40 38
30 41 40
41 30 27
27 42 41
42 27 26
35 42 26
42 35 43
37 43 35
43 37 44
38 45 39
45 38 46
47 38 40
38 47 46
48 40 41
40 48 47
49 41 42
41 49 48
50 42 43
42 50 49
51 43 44
43 51 50
46 52 45
52 46 53
47 53 46
53 47 54
55 47 48
47 55 54
56 48 49
48 56 55
57 49 50
49 57 56
58 50 51
50 58 57
52 53 59
53 54 60
59 53 60
54 55 61
60 54 61
55 56 62
61 55 62
56 57 63
62 56 63
57 58 64
63 57 64
65 59 60
65 60 61
65 61 62
65 62 63
65 63 64
65 64 66
64 58 66
67 58 51
51 68 67
69 67 68
70 69 68
69 70 71
72 71 70
71 72 73
73 74 71
74 69 71
74 73 75
76 74 75
74 76 77
78 77 76
77 78 79
33 79 78
33 78 80
80 78 81
78 76 81
82 80 81
80 82 83
83 0 80
0 33 80
0 83 3
81 84 82
84 81 85
81 76 85
76 75 85
86 84 85
84 86 87
88 87 86
87 88 89
12 89 88
89 12 13
90 3 83
3 90 15
91 83 82
83 91 90
92 82 84
82 92 91
84 93 92
93 84 87
94 87 89
87 94 93
13 94 89
94 13 20
85 95 86
96 86 95
86 96 88
23 88 96
88 23 12
73 96 95
96 73 72
72 23 96
23 72 36
25 23 36
70 36 72
36 70 37
68 37 70
37 68 44
68 51 44
75 73 95
85 75 95
97 94 20
19 97 20
97 19 98
98 99 97
99 98 100
100 101 99
101 100 102
102 103 101
103 102 104
105 104 102
104 105 106
107 106 105
106 107 108
109 108 107
108 109 110
111 110 109
110 111 112
113 112 111
112 113 114
111 115 113
115 111 116
109 116 111
116 109 117
107 117 109
117 107 118
105 118 107
118 105 119
102 119 105
119 102 100
116 120 115
120 116 121
117 121 116
121 117 122
118 122 117
122 118 123
119 123 118
123 119 124
100 124 119
124 100 98
123 16 122
16 123 17
124 17 123
14 122 16
122 14 121
15 121 14
121 15 120
98 18 124
17 124 18
18 98 19
15 125 120
126 120 125
120 126 115
127 115 126
115 127 113
128 113 127
113 128 114
127 129 128
129 127 130
126 130 127
130 131 129
131 130 132
132 133 131
133 132 134
134 135 133
135 134 136
136 103 135
103 136 101
130 126 137
137 132 130
132 137 138
138 134 132
134 138 139
139 136 134
136 139 140
140 101 136
101 140 99
141 138 137
137 125 141
125 137 126
138 141 142
142 139 138
139 142 143
143 140 139
140 143 144
144 99 140
99 144 97
91 142 141
142 91 92
92 143 142
141 90 91
90 141 125
125 15 90
94 97 144
144 93 94
93 144 143
143 92 93
145 146 147
146 145 148
149 147 146
147 149 150
147 151 145
151 147 152
150 152 147
152 150 153
153 154 152
154 153 155
154 156 152
157 156 154
155 158 154
157 154 158
158 155 159
158 159 160
161 160 159
160 161 162
103 162 161
162 103 104
106 162 104
162 106 163
164 162 163
165 164 163
164 165 166
167 166 165
166 167 168
166 169 164
169 166 170
166 171 170
171 166 172
172 166 168
173 164 169
173 162 164
108 163 106
163 108 165
165 110 167
110 165 108
174 168 167
168 174 175
176 175 174
175 176 177
175 178 168
172 168 178
178 175 179
175 180 179
175 177 180
174 114 176
114 174 112
112 167 110
167 112 174
180 177 181
176 182 177
182 176 183
114 183 176
182 184 177
184 181 177
182 185 184
182 186 185
186 182 187
183 187 182
187 183 188
188 189 187
189 188 190
190 191 189
191 190 192
191 192 193
194 189 191
189 194 195
189 195 196
196 197 189
197 186 187
197 187 189
198 194 191
198 191 193
131 192 190
192 131 133
133 193 192
193 133 135
103 193 135
193 103 161
129 190 188
190 129 131
188 128 129
128 188 183
183 114 128
161 199 193
199 161 159
200 199 159
155 200 159
200 155 201
153 201 155
201 153 202
150 202 153
202 150 203
149 203 150
203 149 204
204 205 203
205 204 206
203 207 202
207 203 205
201 202 208
209 201 208
209 200 201
210 206 204
206 210 211
212 204 149
204 212 210
146 212 149
212 146 213
148 213 146
213 148 214
214 215 213
215 214 216
217 213 215
213 217 212
217 210 212
216 218 215
215 218 217
219 211 210
210 217 219
219 217 218
211 219 220
220 219 218
202 207 221
202 221 208
222 223 224
225 222 224
222 225 226
227 226 225
228 227 225
225 229 228
229 230 228
231 228 230
228 231 232
230 233 231
233 230 234
235 234 230
230 229 235
236 235 229
235 236 237
234 235 238
237 238 235
238 237 239
231 240 232
241 232 240
241 242 232
242 227 228
242 228 232
240 231 243
233 243 231
243 244 240
244 243 245
246 245 243
233 246 243
245 246 247
248 240 244
240 248 249
241 240 249
250 237 236
237 250 251
251 239 237
252 251 250
251 252 253
254 251 253
251 254 255
239 251 255
256 253 252
253 256 257
258 257 256
257 258 259
260 257 259
257 260 261
253 261 254
261 253 257
258 262 259
263 259 262
259 263 260
258 264 262
265 262 264
263 262 265
264 258 266
256 266 258
266 256 267
267 268 266
264 266 268
268 267 269
270 269 267
269 270 271
272 271 270
271 272 273
274 273 272
273 274 275
272 236 274
236 272 250
270 250 272
267 252 270
250 270 252
252 267 256
229 274 236
274 229 225
225 224 274
224 275 274
224 223 275
276 277 278
276 279 277
279 280 277
280 281 277
281 280 282
282 283 281
283 282 284
285 279 276
279 285 286
286 285 287
287 288 286
284 289 283
289 284 290
291 290 284
290 291 292
293 292 291
291 294 293
295 293 294
293 295 296
294 297 295
297 294 298
299 298 294
294 291 299
284 299 291
298 299 300
300 301 298
302 298 301
298 302 303
297 298 303
301 300 304
292 293 305
296 305 293
305 306 292
306 305 307
305 308 307
308 305 309
305 296 309
301 310 302
310 301 311
304 311 301
311 312 310
312 311 313
311 314 313
314 311 315
311 304 315
313 316 312
316 313 317
317 318 316
318 317 319
320 319 317
313 320 317
320 313 314
320 321 319
321 320 322
314 322 320
319 321 323
318 319 323
322 314 324
315 324 314
288 324 315
304 288 315
304 325 288
304 280 325
280 279 325
279 286 325
286 288 325
280 304 300
282 280 300
282 300 299
299 284 282
326 327 328
327 326 329
328 330 326
330 328 331
327 329 332
331 333 330
333 331 334
334 335 333
335 334 336
336 337 335
337 336 338
338 339 337
339 338 340
340 341 339
341 340 342
342 343 341
343 342 344
344 345 343
345 344 346
335 347 333
348 349 350
351 349 348
351 348 352
352 353 351
354 353 352
353 354 355
356 355 354
355 356 357
358 357 356
348 350 359
360 356 354
356 360 361
358 356 361
362 354 352
354 362 360
352 363 362
363 348 359
363 352 348
364 246 233
246 364 365
365 247 246
247 365 366
366 367 247
247 367 368
233 369 364
364 369 278
233 234 369
238 369 234
369 238 276
276 278 369
239 276 238
276 239 285
287 285 239
370 247 368
368 371 370
247 370 245
372 245 370
245 372 244
373 244 372
244 373 248
370 374 372
371 374 370
375 372 374
372 375 373
371 376 374
374 376 375
287 239 255
377 378 376
379 378 377
379 380 378
381 380 379
380 381 382
383 382 381
382 383 384
381 385 383
385 381 386
379 386 381
384 387 382
387 384 388
389 388 384
390 384 383
384 390 391
389 384 391
390 392 391
392 390 393
391 392 394
389 391 394
395 393 390
395 383 385
395 390 383
393 395 396
396 397 393
397 396 398
393 399 392
399 393 397
397 400 399
400 397 401
398 401 397
401 398 402
392 399 403
403 404 392
392 404 394
401 405 400
405 401 406
402 406 401
406 407 405
407 406 408
406 409 408
409 406 410
406 402 410
408 411 407
411 408 412
412 413 411
413 412 414
412 415 414
415 412 416
416 408 409
408 416 412
413 414 417
418 414 415
414 418 417
419 413 417
420 419 417
418 420 417
413 419 421
421 411 413
411 421 422
422 407 411
423 422 421
419 423 421
422 423 424
424 425 422
425 424 426
426 427 425
427 426 428
428 429 427
429 428 430
400 427 429
427 400 405
405 425 427
407 422 425
425 405 407
429 399 400
399 429 403
403 429 431
429 430 431
432 403 431
432 431 433
431 430 433
403 432 434
403 434 404
435 436 437
436 435 438
437 439 435
439 437 440
441 442 443
442 441 444
442 445 443
445 442 446
444 441 447
447 441 448
449 445 446
445 449 450
451 450 449
450 451 452
453 452 451
452 453 454
455 454 453
454 455 456
457 456 455
456 457 458
459 458 457
458 459 460
459 461 460
462 463 464
463 462 465
466 464 463
464 466 467
468 467 466
467 468 469
470 469 468
469 470 471
472 471 470
471 472 473
474 473 472
473 474 475
476 475 474
475 476 477
478 479 480
479 478 481
482 483 484
483 482 485
484 486 482
486 484 487
485 488 483
488 485 489
487 490 486
490 487 491
492 490 491
490 492 493
494 495 496
495 494 497
498 499 500
499 498 501
500 502 498
502 500 503
503 504 502
504 503 505
505 506 504
506 505 507
508 509 510
509 508 511
510 512 508
512 510 513
511 514 509
514 511 515
515 516 514
516 515 517
518 517 515
517 518 519
520 519 518
519 520 521
520 522 521
522 520 523
519 521 524
525 521 522
521 525 524
519 526 517
526 519 524
526 516 517
527 526 524
525 527 524
518 528 520
528 523 520
528 518 529
515 529 518
529 530 528
531 528 530
528 531 532
523 528 532
530 529 533
533 534 530
534 533 535
535 536 534
536 535 537
538 534 536
534 538 539
530 539 531
539 530 534
538 540 539
540 531 539
538 541 540
531 540 542
540 543 542
543 540 544
540 541 544
545 543 544
546 545 544
544 541 546
546 547 545
547 546 548
549 547 548
547 549 550
551 549 548
552 547 550
547 552 553
554 553 552
553 554 555
556 553 555
553 556 557
547 553 557
545 557 543
557 545 547
543 557 558
557 556 558
556 559 558
559 556 560
555 560 556
560 561 559
561 560 562
560 563 562
560 555 563
563 564 562
564 563 565
565 555 554
555 565 563
562 566 561
564 566 562
567 568 551
551 568 549
549 568 569
568 570 569
568 571 570
567 572 568
573 571 568
572 573 568
572 574 573
575 573 574
573 575 576
577 575 574
575 577 578
577 579 578
575 580 576
580 575 581
581 582 580
582 581 583
581 584 583
584 581 585
585 581 575
575 578 585
578 586 585
578 579 586
587 586 579
586 587 588
586 589 585
585 589 584
587 590 588
590 587 591
592 591 587
592 593 591
593 592 594
594 595 593
595 594 596
592 587 597
598 593 595
593 598 599
599 591 593
591 599 590
600 590 599
590 600 601
602 599 598
599 602 600
603 600 602
600 603 604
605 604 603
604 605 606
607 604 606
604 607 608
600 608 601
608 600 604
605 609 606
610 606 609
606 610 607
605 611 609
612 609 611
610 609 612
611 605 613
603 613 605
613 603 614
602 614 603
614 615 613
611 613 615
615 614 616
617 616 614
614 602 617
616 617 618
619 618 617
618 619 620
621 620 619
620 621 622
617 598 619
598 617 602
621 623 622
621 596 623
596 621 595
595 619 598
619 595 621
512 537 535
537 512 624
512 513 624
535 508 512
508 535 533
533 511 508
511 533 529
529 515 511
625 626 627
626 625 628
629 626 628
626 629 630
627 631 625
631 627 632
626 633 627
633 632 627
633 626 634
630 634 626
634 630 635
632 633 636
637 628 625
628 637 638
639 628 638
628 639 629
625 640 637
640 625 631
638 637 641
642 638 641
638 642 639
641 643 642
643 641 644
641 645 644
645 641 646
646 637 640
637 646 641
644 647 643
647 644 645
648 633 634
635 648 634
633 648 649
650 649 648
649 650 651
652 651 650
651 652 653
650 654 652
654 650 655
656 651 653
651 656 657
652 658 653
658 652 659
654 659 652
659 654 660
661 653 658
653 661 656
662 650 648
650 662 655
651 663 649
663 651 657
648 635 662
636 649 663
649 636 633
659 664 658
664 659 665
660 665 659
665 660 666
667 658 664
658 667 661
668 669 670
669 668 671
671 668 672
668 673 672
673 668 674
670 674 668
675 670 669
670 675 676
677 676 675
676 677 678
679 676 678
676 679 680
680 670 676
670 680 681
674 670 681
678 682 679
682 678 683
678 684 683
684 678 677
685 682 683
685 683 684
673 686 672
686 687 672
671 672 687
688 689 690
689 688 691
689 692 690
692 689 693
694 691 688
691 694 695
696 689 691
695 696 691
689 696 697
697 693 689
693 697 698
696 695 699
700 688 690
688 700 701
702 690 692
690 702 700
703 688 701
688 703 694
700 704 701
700 705 704
705 700 702
706 704 705
704 706 707
708 704 707
704 708 709
709 701 704
701 709 703
707 706 710
707 710 708
696 711 697
711 698 697
711 696 712
712 713 711
713 712 714
714 715 713
715 714 716
717 713 715
713 717 718
714 719 716
719 714 720
716 721 715
721 716 722
715 723 717
723 715 721
716 724 722
724 716 719
713 725 711
725 713 718
726 714 712
714 726 720
698 711 725
727 721 722
721 727 728
721 729 723
729 721 728
730 722 724
722 730 727
712 699 726
699 712 696
731 732 733
732 731 734
735 734 731
734 735 736
734 737 732
737 734 738
738 734 736
739 738 736
740 731 733
731 740 741
742 741 740
741 742 743
744 741 743
741 744 745
745 731 741
731 745 735
746 743 742
743 746 747
748 743 747
743 748 744
746 749 747
747 749 748
750 737 738
739 750 738
751 292 306
292 751 290
306 752 751
752 306 753
307 753 306
307 754 753
754 307 308
755 753 754
753 755 756
753 756 757
753 757 752
755 758 756
756 758 757
751 289 290
289 751 759
751 760 759
751 752 760
761 754 308
308 762 761
762 308 309
762 763 761
763 762 764
765 764 762
764 765 766
767 766 765
765 768 767
768 765 769
762 769 765
769 762 309
770 767 768
767 770 771
771 772 767
766 767 772
772 771 773
774 773 771
771 775 774
775 771 776
770 776 771
773 774 777
778 774 775
774 778 779
779 777 774
780 779 778
779 780 781
782 779 781
779 782 783
777 779 783
784 781 780
781 784 785
786 785 784
785 786 787
788 785 787
781 788 782
788 781 785
789 788 787
788 789 790
790 782 788
787 791 789
786 791 787
782 790 792
783 782 792
793 783 792
777 783 793
777 793 794
795 777 794
795 794 796
796 797 795
798 797 796
798 799 797
800 795 797
795 800 801
802 801 800
801 802 803
796 804 798
804 796 805
796 794 805
805 794 793
806 805 793
805 806 804
807 803 802
803 807 808
808 766 803
766 808 764
809 764 808
807 809 808
764 809 763
810 763 809
763 810 811
761 763 811
754 761 811
811 755 754
755 811 812
811 810 813
811 813 812
755 812 758
812 813 758
809 807 814
809 814 815
809 815 810
772 803 766
803 772 801
801 772 773
801 773 795
777 795 773
152 156 816
152 816 151
79 33 34
34 817 79
817 34 39
818 79 817
79 818 77
819 77 818
77 819 74
69 74 819
45 817 39
817 45 820
821 817 820
817 821 818
822 818 821
818 822 819
823 819 822
819 823 69
67 69 823
52 820 45
820 52 824
824 821 820
821 824 825
826 821 825
821 826 822
827 822 826
822 827 823
828 823 827
823 828 67
58 67 828
52 59 824
824 829 825
59 829 824
825 830 826
829 830 825
826 831 827
830 831 826
827 832 828
831 832 827
828 833 58
832 833 828
65 829 59
65 830 829
65 831 830
65 832 831
65 833 832
65 66 833
833 66 58
834 835 836
835 834 837
838 837 834
837 838 839
835 840 836
841 839 838
839 841 842
843 842 841
842 843 844
845 844 843
844 845 846
847 846 845
846 847 848
849 848 847
848 849 850
851 850 849
850 851 852
853 852 851
852 853 854
843 841 855
385 856 395
856 385 857
386 857 385
857 386 858
858 386 859
386 860 859
395 856 861
856 799 861
395 861 396
861 398 396
398 861 798
798 861 799
798 402 398
402 798 804
806 402 804
386 379 860
806 410 402
860 379 377
862 863 864
863 862 865
866 864 863
864 866 867
868 869 870
869 868 871
872 869 871
869 872 873
872 874 873
874 872 875
870 876 868
876 877 868
875 878 874
878 875 879
879 880 878
880 879 881
881 882 880
882 881 883
883 884 882
884 883 885
885 886 884
886 885 887
886 887 888
889 890 891
890 889 892
892 893 890
893 892 894
894 895 893
895 894 896
896 897 895
897 896 898
898 899 897
899 898 900
900 901 899
901 900 902
902 903 901
903 902 904
905 906 907
906 905 908
909 910 911
910 909 912
913 911 910
911 913 914
915 912 909
912 915 916
917 914 913
914 917 918
917 919 918
919 917 920
921 922 923
922 921 924
925 926 927
926 925 928
929 927 926
927 929 930
931 930 929
930 931 932
933 932 931
932 933 934
935 936 937
936 935 938
935 937 939
940 939 937
939 940 941
937 936 942
940 937 942
584 938 935
938 584 589
941 583 939
583 935 939
935 583 584
583 941 582
943 944 945
944 943 946
944 947 945
947 944 948
949 946 943
946 949 950
951 944 946
950 951 946
944 951 952
952 948 944
948 952 953
951 950 954
945 955 943
955 945 956
957 945 947
945 957 956
943 958 949
958 943 955
956 959 955
956 960 959
960 956 957
961 959 960
959 961 962
963 959 962
959 963 964
955 964 958
964 955 959
962 961 965
965 963 962
951 966 952
966 953 952
966 951 967
967 968 966
968 967 969
969 970 968
970 969 971
972 968 970
968 972 973
969 974 971
974 969 975
976 970 971
970 976 977
977 972 970
972 977 978
971 979 976
979 971 974
968 980 966
980 968 973
969 981 975
981 969 967
953 966 980
982 977 976
977 982 983
983 978 977
978 983 984
985 976 979
976 985 982
967 954 981
954 967 951
986 987 988
987 986 989
989 990 987
990 989 991
991 992 990
992 991 993
991 994 993
994 991 995
989 995 991
995 989 996
997 993 994
993 997 998
993 999 992
999 993 998
1000 998 997
1000 999 998
989 1001 996
1001 989 986
986 1002 1001
1002 986 1003
1002 1003 1004
1004 1003 1005
988 1005 1003
988 1003 986
1006 1007 1008
1007 1006 1009
1010 1007 1009
1007 1010 1011
1008 1012 1006
1012 1008 1013
1007 1014 1008
1014 1013 1008
1014 1007 1015
1011 1015 1007
1015 1011 1016
1013 1014 1017
1006 1018 1009
1018 1006 1019
1020 1009 1018
1009 1020 1010
1021 1006 1012
1006 1021 1019
1018 1019 1022
1023 1018 1022
1018 1023 1020
1022 1024 1023
1024 1022 1025
1022 1026 1025
1026 1022 1027
1027 1019 1021
1019 1027 1022
1025 1028 1024
1025 1026 1028
1029 1014 1015
1016 1029 1015
1014 1029 1030
1031 1030 1029
1030 1031 1032
1033 1032 1031
1032 1033 1034
1031 1035 1033
1035 1031 1036
1037 1032 1034
1032 1037 1038
1039 1034 1033
1034 1039 1040
1033 1041 1039
1041 1033 1035
1034 1042 1037
1042 1034 1040
1043 1031 1029
1031 1043 1036
1044 1032 1038
1032 1044 1030
1029 1016 1043
1017 1030 1044
1030 1017 1014
1039 1045 1040
1045 1039 1046
1047 1039 1041
1039 1047 1046
1040 1048 1042
1048 1040 1045
1049 1050 1051
1050 1049 1052
1052 1053 1050
1053 1052 1054
1055 1052 1049
1052 1055 1056
1054 1052 1056
1050 1057 1051
1057 1050 1058
1058 1059 1057
1059 1058 1060
1058 1061 1060
1061 1058 1062
1062 1050 1053
1050 1062 1058
1060 1063 1059
1063 1060 1064
1065 1060 1061
1060 1065 1064
1063 1064 1066
1064 1065 1066
1067 1056 1055
1068 1056 1067
1068 1054 1056
1069 382 387
382 1069 380
1070 380 1069
380 1070 378
378 1070 376
587 579 597
579 577 597
1071 1072 1073
1072 1074 1073
1074 1072 1075
1075 1076 1074
1076 1075 1077
1077 1078 1076
1078 1077 1079
1079 1080 1078
1080 1079 1081
1081 1082 1080
1082 1081 1083
1083 1084 1082
1084 1083 1085
1086 1084 1085
1084 1086 1087
1087 1086 1088
1088 1089 1087
1090 1091 1092
1090 1092 1093
1092 1091 1094
1095 1092 1094
1092 1095 1096
1092 1096 1097
1093 1092 1097
1098 1093 1097
1097 1099 1098
1099 1097 1100
1100 1097 1101
1097 1096 1101
1101 1096 1102
1103 1102 1096
1103 1104 1102
1095 1094 1105
1090 1093 1106
1107 1106 1093
1093 1098 1107
1108 1106 1107
1108 1107 1109
1109 1107 1110
1107 1111 1110
1098 1111 1107
1098 1112 1111
1098 1099 1112
1103 1113 1104
1095 1105 1114
1115 1116 1117
1115 1117 1118
1115 1118 1119
1116 1120 1117
1120 1118 1117
1120 1116 1121
1121 1122 1120
1122 1123 1120
1118 1120 1123
1123 1122 1124
1125 1124 1122
1124 1125 1126
1127 1125 1122
1122 1121 1127
1125 1127 1128
1128 1129 1125
1129 1126 1125
1130 1126 1129
1129 1131 1130
1131 1129 1132
1132 1133 1131
1133 1132 1134
1134 1135 1133
1135 1134 1136
1129 1128 1137
1137 1132 1129
1132 1137 1138
1138 1134 1132
1138 1139 1134
1134 1139 1140
1136 1134 1140
1140 1141 1136
1140 1142 1141
1126 1130 1143
1124 1126 1143
1124 1143 1144
1145 1124 1144
1144 1146 1145
1146 1144 1147
1143 1147 1144
1148 1147 1143
1124 1145 1123
1118 1123 1145
1145 1119 1118
1145 1146 1119
1143 1149 1148
1150 1151 1152
1153 1154 1155
1156 1157 1158
1156 1158 1159
1160 1156 1159
1160 1159 1161
1160 1161 1162
1163 1164 1165
1163 1165 1166
1164 1167 1165
1167 1164 1168
1166 1165 1169
1170 1171 1172
1171 1170 1173
1174 1175 1176
1177 1175 1174
1177 1174 1178
1179 1175 1177
1179 1177 1180
1179 1180 1181
1181 1182 1179
1174 1176 1183
1176 1184 1183
1184 1176 1185
1184 1185 1186
1187 1188 1189
1190 1187 1189
1187 1190 1191
1192 1191 1190
1191 1192 1193
1189 1188 1194
1195 1193 1192
1193 1195 1196
1197 1198 1199
1198 1200 1199
1201 1200 1198
1200 1201 1202
1203 1202 1201
1202 1203 1204
1203 1205 1204
1204 1206 1202
1206 1204 1207
1207 1204 1208
1204 1205 1208
1208 1205 1209
1210 1202 1206
1210 1200 1202
1211 1208 1209
1211 1212 1208
1213 1208 1212
1208 1213 1207
1212 1211 1214
1212 1215 1213
1216 1200 1210
1199 1200 1216
1217 1218 1210
1219 1220 1221
1220 1219 1222
1220 1223 1221
1223 1220 1224
1224 1225 1223
1225 1224 1226
1226 1227 1225
1227 1226 1228
1229 1227 1228
1227 1229 1230
1231 1230 1229
1230 1231 1232
1232 1231 1233
1232 1233 1234
1235 1236 1237
1236 1235 1238
1238 1239 1236
1239 1238 1240
1241 1235 1237
1235 1241 1242
1243 1244 1245
1244 1243 1246
1246 1247 1244
1247 1246 1248
1249 1250 1251
1250 1252 1251
1249 1253 1250
1252 1254 1251
1254 1252 1255
1254 1255 1256
1256 1257 1254
1258 1257 1256
1258 1259 1257
1260 1259 1258
1259 1260 1261
1261 1260 1262
1263 1261 1262
1249 1264 1253
1249 1265 1264
1264 1265 1266
1266 1265 1267
1267 1268 1266
1267 1269 1268
1269 1267 1270
1271 1269 1270
1271 1270 1272
1273 1271 1272
1272 1274 1273
1274 1275 1273
1276 1275 1274
1277 1278 1279
1278 1277 1280
1281 1279 1278
1282 1280 1277
1281 1283 1279
1284 1283 1281
1283 1284 1285
1286 1285 1284
1287 1285 1286
1285 1287 1288
1289 1288 1287
1288 1289 1290
1291 1290 1289
1290 1291 1292
1291 1293 1292
1292 1293 1294
1292 1294 1295
1296 1295 1294
1296 1297 1295
1296 1298 1297
1296 1299 1298
1300 1298 1299
1300 1299 1301
1302 1300 1301
1302 1303 1300
1303 1302 1304
1304 1305 1303
1305 1304 1306
1306 1307 1305
1307 1306 1308
1308 1309 1307
1309 1310 1307
1310 1309 1311
1311 1312 1310
1311 1313 1312
1313 1314 1312
1314 1313 1315
1316 1314 1315
1317 1318 1319
1318 1317 1320
1321 1320 1317
1320 1321 1322
1323 1319 1318
1319 1323 1324
1325 1324 1323
1324 1325 1326
1327 1328 1329
1328 1327 1330
1329 1331 1327
1331 1329 1332
1333 1331 1332
1331 1333 1334
1335 1334 1333
1334 1335 1336
1337 1338 1339
1338 1337 1340
1341 1342 1343
1342 1341 1344
1345 1346 1347
1346 1345 1348
1349 1350 1351
1350 1349 1352
1353 1352 1349
1352 1353 1354
1355 1356 1357
1356 1355 1358
1359 1360 1361
1360 1359 1362
1363 1364 1365
1364 1363 1366
1367 1368 1369
1368 1367 1370
1369 1371 1367
1371 1369 1372
1372 1373 1371
1373 1372 1374
1374 1375 1373
1375 1374 1376
1376 1377 1375
1377 1376 1378
1378 1379 1377
1379 1378 1380
1381 1382 1383
1384 1385 1386
1386 1385 1387
1388 1385 1384
1388 1389 1385
1390 1385 1389
1390 1391 1385
1391 1392 1385
1392 1393 1385
1394 1395 1396
1395 1394 1397
1397 1394 1398
1399 1394 1396
1394 1399 1400
1400 1401 1394
1402 1403 1404
1405 1406 1407
1407 1406 1408
1409 1410 1411
1412 1411 1410
1411 1412 1413
1414 1413 1412
1413 1414 1415
1416 1415 1414
1415 1416 1417
1418 1417 1416
1417 1418 1419
1420 1419 1418
1419 1420 1421
1422 1421 1420
1421 1422 1423
1422 1424 1423
1424 1422 1425
1426 1424 1425
1425 1427 1426
1427 1428 1426
1428 1427 1429
1430 1431 1432
1430 1433 1431
1434 1431 1433
1431 1434 1435
1431 1435 1436
1436 1437 1431
1431 1437 1432
1436 1438 1437
1430 1439 1433
1440 1439 1430
1440 1441 1439
1441 1440 1442
1442 1443 1441
1443 1442 1444
1445 1444 1442
1446 1445 1442
1444 1445 1447
1448 1447 1445
1447 1448 1449
1449 1448 1450
1451 1445 1446
1445 1451 1448
1452 1448 1451
1448 1452 1453
1448 1453 1450
1453 1454 1450
1454 1453 1455
1455 1456 1454
1456 1455 1457
1458 1453 1452
1453 1458 1455
1459 1455 1458
1455 1459 1457
1460 1454 1456
1454 1460 1461
1462 1461 1460
1461 1462 1463
1454 1464 1450
1450 1464 1449
1464 1461 1463
1454 1461 1464
1465 1464 1463
1466 1460 1456
1457 1466 1456
1467 1457 1459
1457 1467 1468
1466 1457 1468
1469 1468 1467
1469 1466 1468
1469 1470 1466
1460 1466 1470
1460 1470 1462
1464 1465 1471
1472 1473 1434
1434 1474 1472
1473 1475 1434
1474 1476 1472
1474 1477 1476
1474 1478 1477
1478 1479 1477
1443 1479 1478
1441 1443 1478
1441 1478 1439
1433 1439 1478
1478 1474 1433
1474 1434 1433
1434 1475 1435
1475 1480 1435
1481 1435 1480
1481 1480 1482
1481 1482 1483
1484 1485 1486
1487 1488 1489
1490 1491 1492
1490 1493 1491
1494 1493 1490
1494 1495 1493
1494 1496 1495
1497 1498 1499
1497 1500 1498
1501 1499 1498
1499 1501 1502
1500 1503 1498
1504 1505 1506
1505 1504 1507
1508 1509 1510
1511 1508 1510
1511 1512 1508
1511 1510 1513
1514 1511 1513
1515 1514 1513
1513 1516 1515
1508 1517 1509
1518 1509 1517
1509 1518 1519
1518 1520 1519
1521 1522 1523
1521 1524 1522
1524 1521 1525
1525 1526 1524
1526 1525 1527
1522 1528 1523
1527 1529 1526
1529 1527 1530
1531 1529 1530
1529 1531 1532
1533 1534 1535
1535 1534 1536
1536 1537 1535
1537 1536 1538
1538 1539 1537
1539 1538 1540
1539 1540 1541
1542 1540 1538
1540 1542 1543
1543 1544 1540
1540 1544 1541
1544 1545 1541
1546 1542 1538
1546 1538 1536
1547 1545 1544
1547 1544 1548
1549 1548 1544
1544 1543 1549
1548 1550 1547
1548 1549 1551
1552 1546 1536
1534 1552 1536
1553 1546 1554
1555 1556 1557
1556 1555 1558
1559 1556 1558
1556 1559 1560
1561 1560 1559
1560 1561 1562
1563 1562 1561
1562 1563 1564
1563 1565 1564
1565 1563 1566
1566 1567 1565
1567 1566 1568
1568 1569 1567
1568 1570 1569
1571 1572 1573
1572 1571 1574
1575 1574 1571
1574 1575 1576
1572 1577 1573
1577 1572 1578
1579 1580 1581
1580 1579 1582
1583 1582 1579
1582 1583 1584
1585 1586 1587
1586 1585 1588
1587 1589 1585
1589 1587 1590
1588 1591 1586
1591 1588 1592
1592 1593 1591
1593 1592 1594
1595 1596 1597
1596 1595 1598
1599 1597 1596
1597 1599 1600
1599 1601 1600
1601 1599 1602
1602 1603 1601
1603 1602 1604
1605 1606 1607
1606 1605 1608
1609 1610 1611
1610 1609 1612
1613 1614 1615
1614 1613 1616
1615 1617 1613
1617 1615 1618
1619 1620 1621
1620 1619 1622
1623 1624 1625
1624 1623 1626
1627 1628 1629
1628 1627 1630
1631 1629 1628
1629 1631 1632
1633 1632 1631
1632 1633 1634
1635 1634 1633
1634 1635 1636
1637 1636 1635
1636 1637 1638
1639 1638 1637
1638 1639 1640
1641 1642 1643
1436 1644 1438
1645 1646 1647
1648 1649 1650
1649 1651 1650
1652 1653 1654
1652 1655 1653
1652 1656 1655
1652 1657 1656
1652 1658 1657
1652 1659 1658
1652 1660 1659
1652 1661 1660
1652 1662 1661
1652 1663 1662
1652 1664 1663
1652 1665 1664
1652 1666 1665
1652 1667 1666
1652 1668 1667
1652 1654 1668
1669 1655 1656
1657 1669 1656
1655 1669 1670
1669 1657 1671
1672 1657 1658
1657 1672 1671
1659 1672 1658
1672 1659 1673
1659 1674 1673
1674 1659 1660
1661 1674 1660
1674 1661 1675
1661 1676 1675
1676 1661 1662
1663 1676 1662
1676 1663 1677
1663 1678 1677
1678 1663 1664
1665 1678 1664
1678 1665 1679
1665 1680 1679
1680 1665 1666
1667 1680 1666
1680 1667 1681
1667 1682 1681
1682 1667 1668
1654 1682 1668
1682 1654 1683
1654 1684 1683
1684 1654 1653
1655 1684 1653
1684 1655 1670
1685 1683 1684
1670 1685 1684
1683 1685 1686
1685 1670 1687
1670 1688 1687
1688 1670 1669
1671 1688 1669
1688 1671 1689
1671 1690 1689
1690 1671 1672
1673 1690 1672
1690 1673 1691
1673 1692 1691
1692 1673 1674
1675 1692 1674
1692 1675 1693
1675 1694 1693
1694 1675 1676
1677 1694 1676
1694 1677 1695
1677 1696 1695
1696 1677 1678
1679 1696 1678
1696 1679 1697
1679 1698 1697
1698 1679 1680
1681 1698 1680
1698 1681 1699
1681 1700 1699
1700 1681 1682
1683 1700 1682
1700 1683 1686
1695 1701 1694
1701 1693 1694
1693 1701 1702
1703 1693 1702
1693 1703 1692
1703 1691 1692
1691 1703 1704
1705 1691 1704
1691 1705 1690
1705 1689 1690
1689 1705 1706
1707 1689 1706
1689 1707 1688
1707 1687 1688
1687 1707 1708
1709 1687 1708
1687 1709 1685
1709 1686 1685
1686 1709 1710
1711 1686 1710
1686 1711 1700
1711 1699 1700
1699 1711 1712
1713 1699 1712
1699 1713 1698
1713 1697 1698
1697 1713 1714
1715 1697 1714
1697 1715 1696
1715 1695 1696
1695 1715 1716
1701 1695 1716
1716 1717 1701
1717 1702 1701
1702 1717 1718
1719 1702 1718
1702 1719 1703
1719 1704 1703
1704 1719 1720
1721 1704 1720
1704 1721 1705
1721 1706 1705
1706 1721 1722
1723 1706 1722
1706 1723 1707
1723 1708 1707
1708 1723 1724
1725 1708 1724
1708 1725 1709
1725 1710 1709
1710 1725 1726
1727 1710 1726
1710 1727 1711
1727 1712 1711
1712 1727 1728
1729 1712 1728
1712 1729 1713
1729 1714 1713
1714 1729 1730
1731 1714 1730
1714 1731 1715
1731 1716 1715
1716 1731 1732
1717 1716 1732
1732 1733 1717
1733 1718 1717
1718 1733 1734
1735 1718 1734
1718 1735 1719
1735 1720 1719
1720 1735 1736
1737 1720 1736
1720 1737 1721
1737 1722 1721
1722 1737 1738
1739 1722 1738
1722 1739 1723
1739 1724 1723
1724 1739 1740
1741 1724 1740
1724 1741 1725
1741 1726 1725
1726 1741 1742
1743 1726 1742
1726 1743 1727
1743 1728 1727
1728 1743 1744
1745 1728 1744
1728 1745 1729
1745 1730 1729
1730 1745 1746
1747 1730 1746
1730 1747 1731
1747 1732 1731
1732 1747 1748
1733 1732 1748
1749 1750 1751
1750 1749 1752
1750 1753 1751
1753 1750 1754
1755 1753 1754
1753 1755 1756
1755 1757 1756
1757 1755 1758
1759 1757 1758
1757 1759 1760
1759 1761 1760
1761 1759 1762
1763 1761 1762
1761 1763 1764
1763 1765 1764
1765 1763 1766
1767 1765 1766
1765 1767 1768
1767 1769 1768
1769 1767 1770
1771 1769 1770
1769 1771 1772
1771 1773 1772
1773 1771 1774
1775 1773 1774
1773 1775 1776
1775 1777 1776
1777 1775 1778
1779 1777 1778
1777 1779 1780
1779 1749 1780
1749 1779 1752
1781 1768 1769
1772 1781 1769
1768 1781 1782
1781 1772 1783
1784 1772 1773
1772 1784 1783
1776 1784 1773
1784 1776 1785
1786 1776 1777
1776 1786 1785
1780 1786 1777
1786 1780 1787
1788 1780 1749
1780 1788 1787
1751 1788 1749
1788 1751 1789
1751 1790 1789
1790 1751 1753
1756 1790 1753
1790 1756 1791
1756 1792 1791
1792 1756 1757
1760 1792 1757
1792 1760 1793
1760 1794 1793
1794 1760 1761
1764 1794 1761
1794 1764 1795
1764 1796 1795
1796 1764 1765
1768 1796 1765
1796 1768 1782
1791 1797 1790
1797 1789 1790
1789 1797 1798
1799 1789 1798
1789 1799 1788
1800 1793 1794
1795 1800 1794
1793 1800 1801
1800 1795 1802
1803 1795 1796
1795 1803 1802
1782 1803 1796
1803 1782 1804
1782 1805 1804
1805 1782 1781
1783 1805 1781
1805 1783 1806
1783 1807 1806
1807 1783 1784
1785 1807 1784
1807 1785 1808
1785 1809 1808
1809 1785 1786
1787 1809 1786
1809 1787 1810
1787 1799 1810
1799 1787 1788
1804 1811 1803
1811 1802 1803
1802 1811 1812
1813 1802 1812
1802 1813 1800
1813 1801 1800
1801 1813 1814
1815 1801 1814
1801 1815 1816
1816 1793 1801
1793 1816 1792
1816 1791 1792
1791 1816 1817
1815 1817 1816
1797 1791 1817
1817 1818 1797
1818 1798 1797
1798 1818 1819
1820 1798 1819
1798 1820 1799
1818 1817 1821
1817 1815 1821
1820 1810 1799
1810 1820 1822
1823 1810 1822
1810 1823 1809
1823 1808 1809
1808 1823 1824
1825 1808 1824
1808 1825 1807
1825 1806 1807
1806 1825 1826
1827 1806 1826
1806 1827 1805
1827 1804 1805
1804 1827 1828
1811 1804 1828
1828 1829 1811
1829 1812 1811
1812 1829 1830
1831 1812 1830
1812 1831 1813
1831 1814 1813
1814 1831 1832
1833 1814 1832
1814 1833 1815
1833 1821 1815
1821 1833 1834
1835 1821 1834
1821 1835 1818
1835 1819 1818
1819 1835 1836
1837 1819 1836
1819 1837 1820
1837 1822 1820
1822 1837 1838
1839 1822 1838
1822 1839 1823
1839 1824 1823
1824 1839 1840
1841 1824 1840
1824 1841 1825
1841 1826 1825
1826 1841 1842
1843 1826 1842
1826 1843 1827
1843 1828 1827
1828 1843 1844
1829 1828 1844
1845 1829 1844
1845 1844 1843
1845 1843 1842
1845 1842 1841
1845 1841 1840
1845 1840 1839
1845 1839 1838
1845 1830 1829
1845 1831 1830
1845 1832 1831
1845 1833 1832
1845 1834 1833
1845 1835 1834
1845 1836 1835
1845 1837 1836
1845 1838 1837
1846 1847 1848
1847 1849 1848
1850 1848 1849
1848 1850 1851
1846 1848 1851
1849 1852 1850
1852 1849 1853
1854 1852 1853
1855 1854 1853
1854 1855 1856
1857 1854 1856
1854 1857 1858
1852 1854 1859
1858 1859 1854
1859 1858 1860
1861 1860 1858
1860 1861 1862
1863 1862 1861
1862 1863 1864
1865 1864 1863
1863 1866 1865
1866 1863 1867
1861 1867 1863
1864 1865 1868
1868 1865 1869
1869 1865 1866
1866 1870 1869
1866 1871 1870
1872 1870 1871
1870 1872 1873
1869 1870 1873
1871 1866 1874
1874 1875 1871
1875 1874 1876
1876 1877 1875
1877 1876 1878
1878 1879 1877
1880 1877 1879
1879 1881 1880
1881 1879 1882
1877 1880 1883
1883 1875 1877
1879 1884 1882
1885 1882 1884
1882 1885 1886
1887 1886 1885
1886 1887 1888
1884 1879 1889
1879 1878 1889
1888 1890 1886
1890 1882 1886
1882 1890 1881
1890 1888 1891
1892 1891 1888
1892 1888 1887
1875 1883 1893
1893 1871 1875
1871 1893 1872
1867 1861 1894
1858 1894 1861
1894 1858 1857
1849 1847 1895
1895 1853 1849
1853 1895 1855
1896 1897 1898
1897 1899 1898
1899 1900 1898
1900 1899 1901
1902 1901 1899
1901 1902 1903
1904 1903 1902
1903 1904 1905
1904 1906 1905
1906 1904 1907
1907 1908 1906
1908 1907 1909
1909 1910 1908
1910 1909 1911
1911 1912 1910
1912 1911 1913
1912 1913 1914
1915 1904 1902
1904 1915 1916
1917 1904 1916
1904 1917 1907
1918 1907 1917
1907 1918 1909
1919 1909 1918
1909 1919 1911
1919 1913 1911
1913 1919 1920
1921 1913 1920
1902 1922 1915
1922 1902 1899
1899 1897 1922
1923 1898 1900
1924 1925 1926
1924 1926 1927
1924 1927 1928
1929 1928 1927
1926 1929 1927
1928 1929 1930
1929 1926 1931
1932 1930 1929
1931 1932 1929
1930 1932 1933
1932 1934 1933
1934 1932 1935
1936 1935 1932
1932 1931 1936
1935 1936 1937
1935 1938 1934
1938 1935 1939
1937 1939 1935
1940 1938 1939
1938 1940 1941
1942 1940 1939
1939 1937 1942
1940 1942 1943
1944 1941 1940
1943 1944 1940
1941 1944 1945
1944 1943 1946
1947 1943 1942
1943 1947 1948
1948 1946 1943
1936 1949 1937
1949 1942 1937
1942 1949 1947
1949 1936 1950
1946 1948 1951
1945 1944 1952
1951 1953 1946
1953 1951 1954
1954 1955 1953
1955 1954 1956
1944 1957 1952
1955 1957 1953
1946 1957 1944
1957 1946 1953
1958 1952 1957
1957 1955 1958
1959 1958 1955
1956 1959 1955
1958 1959 1960
1959 1961 1960
1961 1959 1962
1952 1958 1963
1960 1963 1958
1963 1964 1952
1964 1963 1965
1963 1960 1966
1961 1966 1960
1965 1963 1966
1965 1966 1967
1962 1968 1961
1968 1962 1969
1966 1961 1970
1971 1966 1970
1967 1966 1971
1967 1971 1972
1973 1972 1971
1972 1973 1974
1971 1975 1973
1975 1971 1970
1961 1975 1970
1975 1961 1968
1976 1975 1968
1968 1969 1976
1977 1969 1962
1962 1978 1977
1969 1977 1979
1980 1969 1979
1976 1969 1980
1980 1979 1981
1967 1972 1982
1983 1972 1974
1972 1983 1982
1984 1982 1983
1982 1984 1985
1982 1985 1986
1987 1986 1985
1984 1987 1985
1986 1987 1988
1987 1989 1988
1989 1987 1990
1989 1991 1988
1991 1989 1992
1993 1988 1991
1988 1993 1986
1991 1994 1993
1964 1993 1994
1993 1964 1965
1965 1986 1993
1965 1967 1986
1967 1982 1986
1994 1991 1995
1992 1995 1991
1996 1990 1987
1987 1984 1996
1984 1997 1996
1990 1996 1998
1996 1997 1998
1999 1994 1995
1945 1994 1999
1945 1964 1994
1945 1952 1964
1999 1941 1945
1941 1999 2000
2000 1938 1941
1938 2000 2001
2000 2002 2001
2002 2000 2003
1999 2003 2000
2003 1999 2004
1995 2004 1999
2005 1938 2001
1938 2005 1934
2006 1934 2005
1934 2006 1933
2005 2007 2006
2007 2005 2008
2001 2008 2005
2008 2001 2002
2003 2009 2002
2009 2003 2010
2004 2010 2003
2011 2007 2008
2011 2002 2009
2002 2011 2008
2007 2011 2012
2010 2004 2013
2014 2013 2004
2013 2014 2015
1992 2015 2014
2015 1992 2016
1989 2016 1992
2016 1989 2017
2017 2018 2016
1990 2017 1989
2017 1990 2019
2020 2017 2019
2020 2018 2017
2021 2020 2019
1998 2019 1990
2019 1998 2022
2021 2019 2022
2023 2021 2022
2024 2022 1998
1997 2024 1998
1995 1992 2014
2004 1995 2014
2024 2025 2022
2025 2023 2022
2018 2026 2016
2016 2026 2015
1979 2027 2028
1981 1979 2028
2027 1979 1977
2027 1977 2029
2029 1977 1978
2029 1978 2030
1978 1956 2030
1959 1956 1978
1978 1962 1959
1956 2031 2030
1956 1954 2031
1926 2032 2033
1926 1925 2032
2033 1931 1926
1931 2033 1950
1931 1950 1936
2034 2035 2036
2036 2035 2037
2036 2038 2034
2036 2039 2038
2039 2036 2040
2036 2037 2040
2039 2040 2041
2040 2042 2041
2042 2040 2037
2042 2037 2043
2042 2044 2041
2045 2041 2044
2045 2044 2046
2041 2045 2047
2039 2041 2047
2044 2042 2048
2048 2042 2043
2048 2043 2049
2049 2050 2048
2044 2048 2050
2051 2044 2050
2044 2051 2046
2050 2049 2052
2051 2053 2046
2053 2051 2054
2050 2054 2051
2054 2055 2053
2055 2054 2056
2056 2057 2055
2057 2056 2058
2059 2058 2056
2058 2059 2060
2061 2060 2059
2060 2061 2062
2059 2063 2061
2052 2063 2050
2063 2059 2064
2064 2056 2054
2056 2064 2059
2050 2063 2064
2054 2050 2064
2065 2061 2063
2063 2052 2065
2061 2065 2066
2062 2061 2066
2062 2066 2067
2058 2068 2057
2068 2058 2069
2069 2070 2068
2070 2069 2071
2071 2069 2072
2069 2058 2073
2058 2060 2073
2072 2069 2073
2072 2074 2071
2062 2075 2060
2075 2072 2073
2073 2060 2075
2075 2062 2076
2077 2075 2076
2075 2077 2078
2072 2075 2078
2078 2074 2072
2077 2076 2079
2080 2078 2077
2078 2080 2081
2074 2078 2081
2077 2082 2080
2077 2079 2082
2081 2083 2074
2083 2081 2084
2085 2074 2083
2085 2083 2086
2084 2086 2083
2074 2085 2087
2088 2087 2085
2088 2071 2087
2074 2087 2071
2071 2088 2070
2088 2085 2089
2086 2084 2090
2084 2091 2090
2091 2084 2092
2081 2092 2084
2092 2081 2080
2091 2092 2093
2094 2092 2080
2093 2092 2094
2094 2080 2082
2095 2062 2067
2062 2095 2076
2076 2095 2079
2096 2097 2098
2099 2096 2098
2098 2097 2100
2097 2101 2100
2099 2098 2102
2100 2103 2098
2103 2102 2098
2104 2096 2099
2105 2104 2099
2105 2106 2104
2097 2107 2101
2099 2108 2105
2108 2099 2109
2102 2109 2099
2108 2110 2105
2110 2111 2105
2112 2105 2111
2112 2113 2105
2105 2113 2114
2114 2106 2105
2111 2115 2112
2116 2115 2111
2117 2116 2111
2118 2117 2111
2110 2118 2111
2097 2119 2107
2097 2120 2119
2120 2097 2121
2096 2121 2097
2122 2121 2096
2123 2121 2122
2121 2124 2120
2124 2121 2123
2125 2122 2096
2122 2125 2126
2125 2127 2126
2126 2128 2122
2128 2129 2122
2122 2129 2123
2128 2126 2130
2130 2126 2131
2132 2131 2126
2132 2126 2133
2126 2134 2133
2134 2126 2127
2131 2132 2135
2136 2131 2135
2137 2131 2136
2138 2131 2137
2130 2131 2138
2139 2140 2141
2140 2139 2142
2143 2142 2139
2142 2143 2144
2145 2144 2143
2144 2145 2146
2147 2146 2145
2146 2147 2148
2149 2148 2147
2148 2149 2150
2151 2150 2149
2150 2151 2152
2140 2153 2141
2153 2140 2154
2154 2155 2153
2155 2154 2156
2156 2157 2155
2157 2156 2158
2158 2159 2157
2159 2158 2160
2160 2161 2159
2161 2160 2162
2162 2163 2161
2163 2162 2164
2165 2166 2167
2165 2167 2168
2169 2168 2167
2168 2169 2170
2171 2170 2169
2170 2171 2172
2173 2172 2171
2172 2173 2174
2175 2174 2173
2174 2175 2176
2175 2177 2176
2177 2175 2178
2178 2179 2177
2179 2178 2180
2180 2181 2179
2181 2180 2182
2183 2184 2166
2185 2184 2183
2184 2185 2186
2183 2166 2165
2187 2188 2189
2190 2188 2187
2189 2188 2191
2192 2188 2190
2193 2188 2192
2193 2194 2188
2195 2188 2194
2194 2196 2195
2196 2197 2195
2198 2199 2200
2199 2201 2200
2202 2203 2204
2203 2202 2205
2203 2206 2204
2207 2204 2206
2204 2207 2208
2208 2207 2209
2210 2207 2206
2203 2210 2206
2211 2210 2203
2203 2205 2211
2207 2210 2212
2212 2209 2207
2213 2214 2215
2216 2217 2218
2217 2216 2219
2220 2218 2217
2218 2220 2221
2222 2221 2220
2221 2222 2223
2224 2223 2222
2223 2224 2225
2224 2226 2225
2226 2224 2227
2227 2228 2226
2228 2227 2229
2229 2230 2228
2230 2229 2231
2231 2232 2230
2232 2231 2233
2234 2230 2232
2230 2234 2235
2235 2228 2230
2236 2235 2234
2235 2236 2237
2237 2238 2235
2228 2235 2238
2238 2226 2228
2238 2237 2239
2239 2240 2238
2226 2238 2240
2240 2225 2226
2240 2239 2241
2241 2242 2240
2242 2241 2243
2244 2242 2243
2242 2244 2245
2246 2245 2244
2245 2246 2247
2248 2247 2246
2247 2248 2249
2248 2250 2249
2250 2248 2251
2252 2251 2248
2246 2252 2248
2251 2252 2253
2239 2254 2241
2254 2239 2255
2256 2241 2254
2241 2256 2243
2257 2243 2256
2243 2257 2244
2258 2244 2257
2244 2258 2246
2252 2246 2258
2259 2253 2252
2253 2259 2260
2255 2261 2254
2261 2255 2262
2263 2262 2255
2239 2263 2255
2263 2239 2237
2237 2264 2263
2264 2237 2236
2265 2263 2264
2263 2265 2266
2262 2263 2266
2267 2254 2261
2254 2267 2256
2268 2256 2267
2256 2268 2257
2268 2258 2257
2258 2268 2269
2269 2252 2258
2252 2269 2259
2265 2270 2266
2267 2270 2268
2268 2270 2269
2269 2270 2259
2259 2270 2260
2266 2270 2262
2262 2270 2261
2261 2270 2267
2249 2216 2218
2216 2249 2250
2221 2249 2218
2249 2221 2247
2223 2247 2221
2247 2223 2245
2225 2245 2223
2245 2225 2242
2225 2240 2242
2219 2271 2217
2217 2271 2220
2220 2271 2222
2222 2271 2224
2224 2271 2227
2227 2271 2229
2229 2271 2231
2231 2271 2233
2272 2273 2274
2273 2272 2275
2275 2272 2276
2276 2272 2277
2277 2272 2278
2278 2272 2279
2279 2272 2280
2281 2280 2272
2282 2283 2284
2285 2283 2282
2286 2283 2285
2287 2283 2286
2288 2283 2287
2289 2283 2288
2290 2283 2289
2283 2290 2291
2292 2293 2294
2295 2293 2292
2296 2293 2295
2297 2293 2296
2298 2293 2297
2298 2299 2293
2299 2300 2293
2300 2301 2293
2301 2302 2293
2302 2303 2293
2304 2305 2306
2306 2305 2307
2307 2305 2308
2308 2305 2309
2309 2305 2310
2311 2310 2305
2312 2311 2305
2313 2312 2305
2314 2313 2305
2315 2314 2305
2316 2317 2318
2319 2318 2317
2317 2320 2319
2320 2317 2321
2316 2321 2317
2322 2319 2320
2319 2322 2323
2322 2324 2323
2324 2325 2323
2325 2324 2326
2324 2327 2326
2327 2324 2328
2324 2322 2329
2329 2328 2324
2328 2329 2330
2330 2331 2328
2331 2330 2332
2332 2333 2331
2333 2332 2334
2334 2335 2333
2336 2333 2335
2333 2336 2337
2337 2331 2333
2335 2334 2338
2338 2339 2335
2339 2336 2335
2336 2339 2340
2341 2336 2340
2340 2342 2341
2342 2340 2343
2339 2343 2340
2336 2341 2344
2345 2344 2341
2344 2345 2346
2347 2346 2345
2346 2347 2348
2349 2348 2347
2347 2350 2349
2351 2349 2350
2349 2351 2352
2350 2347 2353
2345 2353 2347
2354 2349 2352
2352 2355 2354
2355 2352 2356
2356 2357 2355
2357 2356 2358
2349 2354 2359
2348 2349 2359
2360 2358 2356
2360 2352 2351
2352 2360 2356
2358 2360 2361
2362 2358 2361
2362 2357 2358
2353 2345 2363
2341 2363 2345
2363 2341 2342
2331 2337 2364
2364 2328 2331
2328 2364 2327
2318 2319 2365
2323 2365 2319
2365 2323 2325
2366 2367 2368
2369 2368 2367
2370 2369 2367
2369 2370 2371
2371 2372 2369
2372 2371 2373
2373 2374 2372
2374 2373 2375
2376 2374 2375
2374 2376 2377
2378 2377 2376
2377 2378 2379
2380 2379 2378
2379 2380 2381
2382 2381 2380
2381 2382 2383
2382 2384 2383
2374 2385 2372
2385 2374 2386
2374 2387 2386
2387 2374 2377
2377 2388 2387
2388 2377 2379
2379 2389 2388
2389 2379 2381
2383 2389 2381
2389 2383 2390
2391 2390 2383
2392 2372 2385
2372 2392 2369
2368 2369 2392
2393 2370 2367
1924 2394 2395
1924 2396 2394
1924 1928 2396
1928 2397 2396
2397 2394 2396
2397 1928 1930
2394 2397 2398
1930 2006 2397
2006 2398 2397
2006 1930 1933
2398 2006 2007
2394 2399 2395
2400 2399 2394
2394 2398 2400
2398 2012 2400
2398 2007 2012
2401 2402 2403
2402 2404 2403
2402 2401 2405
2406 2402 2405
2402 2406 2407
2402 2407 2404
2406 2408 2407
2407 2408 2409
2409 2404 2407
2409 2410 2404
2411 2409 2408
2408 2412 2411
2412 2413 2411
2412 2408 2414
2406 2414 2408
2409 2411 2415
2415 2410 2409
2415 2416 2410
2417 2416 2415
2411 2417 2415
2418 2417 2411
2411 2413 2418
2416 2417 2419
2420 2418 2413
2418 2420 2421
2421 2417 2418
2422 2421 2420
2421 2422 2423
2424 2423 2422
2423 2424 2425
2425 2426 2423
2426 2425 2427
2427 2428 2426
2428 2427 2429
2430 2426 2428
2430 2419 2417
2426 2430 2431
2431 2423 2426
2423 2431 2421
2417 2431 2430
2417 2421 2431
2428 2432 2430
2419 2430 2432
2432 2428 2433
2429 2433 2428
2429 2434 2433
2435 2425 2424
2425 2435 2436
2437 2436 2435
2436 2437 2438
2438 2439 2436
2436 2440 2425
2425 2440 2427
2439 2440 2436
2439 2438 2441
2442 2429 2427
2439 2442 2440
2440 2442 2427
2429 2442 2443
2442 2444 2443
2444 2442 2445
2442 2439 2445
2441 2445 2439
2444 2446 2443
2445 2447 2444
2447 2445 2448
2445 2441 2448
2444 2447 2449
2444 2449 2446
2450 2448 2441
2448 2450 2451
2441 2452 2450
2452 2453 2450
2453 2451 2450
2452 2441 2454
2455 2452 2454
2438 2455 2454
2441 2438 2454
2455 2438 2437
2455 2456 2452
2451 2453 2457
2458 2451 2457
2451 2458 2459
2459 2448 2451
2448 2459 2447
2458 2460 2459
2461 2447 2459
2460 2461 2459
2461 2449 2447
2462 2429 2443
2429 2462 2434
2446 2462 2443
2463 2464 2465
2463 2466 2464
2466 2467 2464
2467 2466 2468
2468 2469 2467
2469 2468 2470
2470 2471 2469
2471 2470 2472
2472 2473 2471
2473 2472 2474
2475 2473 2474
2473 2475 2476
2477 2476 2475
2476 2477 2478
2479 2478 2477
2478 2479 2480
2481 2465 2482
2482 2483 2481
2483 2482 2484
2481 2463 2465
2485 2486 2487
2488 2485 2487
2486 2489 2487
2490 2488 2487
2491 2490 2487
2491 2487 2492
2492 2487 2493
2493 2494 2492
2493 2495 2494
2496 2497 2498
2499 2496 2498
2500 2501 2502
2503 2504 2505
2504 2503 2506
2506 2507 2504
2507 2506 2508
2508 2509 2507
2509 2508 2510
2510 2511 2509
2511 2510 2512
2513 2511 2512
2511 2513 2514
2515 2514 2513
2514 2515 2516
2517 2516 2515
2516 2517 2518
2519 2518 2517
2518 2519 2520
2517 2521 2519
2521 2517 2522
2515 2522 2517
2522 2523 2521
2523 2522 2524
2525 2524 2522
2522 2515 2525
2513 2525 2515
2524 2525 2526
2527 2526 2525
2525 2513 2527
2512 2527 2513
2526 2527 2528
2529 2528 2527
2528 2529 2530
2529 2531 2530
2531 2529 2532
2532 2533 2531
2533 2532 2534
2534 2535 2533
2535 2534 2536
2537 2535 2536
2535 2537 2538
2538 2539 2535
2539 2533 2535
2539 2538 2540
2541 2526 2528
2526 2541 2542
2543 2528 2530
2528 2543 2541
2544 2530 2531
2530 2544 2543
2545 2531 2533
2531 2545 2544
2533 2539 2545
2540 2546 2539
2546 2540 2547
2548 2542 2541
2542 2548 2549
2549 2550 2542
2550 2526 2542
2526 2550 2524
2551 2524 2550
2524 2551 2523
2550 2552 2551
2552 2550 2553
2550 2549 2553
2554 2541 2543
2541 2554 2548
2555 2543 2544
2543 2555 2554
2545 2555 2544
2555 2545 2556
2539 2556 2545
2556 2539 2546
2552 2553 2557
2554 2555 2557
2555 2556 2557
2556 2546 2557
2546 2547 2557
2553 2549 2557
2549 2548 2557
2548 2554 2557
2536 2503 2537
2503 2536 2506
2536 2508 2506
2508 2536 2534
2534 2510 2508
2510 2534 2532
2532 2512 2510
2512 2532 2529
2527 2512 2529
2505 2504 2558
2504 2507 2558
2507 2509 2558
2509 2511 2558
2511 2514 2558
2514 2516 2558
2516 2518 2558
2518 2520 2558
2559 2560 2561
2560 2562 2561
2562 2563 2561
2563 2564 2561
2564 2565 2561
2565 2566 2561
2566 2567 2561
2561 2567 2568
2569 2570 2571
2572 2570 2569
2573 2572 2569
2574 2573 2569
2575 2574 2569
2576 2575 2569
2577 2576 2569
2577 2569 2578
1446 1442 2579
1440 2579 1442
2580 2581 2582
2581 2580 2583
2584 2583 2580
2583 2584 2585
2586 2582 2581
2582 2586 2587
2588 2587 2586
2587 2588 2589
2590 2589 2588
2589 2590 2591
2590 2592 2591
2592 2590 2593
2593 2594 2592
2594 2593 2595
2595 2596 2594
2596 2595 2597
2597 2598 2596
2598 2597 2599
2584 2600 2585
2600 2601 2602
2600 2584 2601
2603 2604 2605
2604 2603 2606
2605 2607 2603
2607 2605 2608
2606 2609 2604
2609 2606 2610
2610 2611 2609
2611 2610 2612
2612 2613 2611
2613 2612 2614
2615 2613 2614
2613 2615 2616
2617 2616 2615
2616 2617 2618
2619 2618 2617
2618 2619 2620
2621 2620 2619
2620 2621 2622
2623 2607 2608
2607 2623 2624
2623 2625 2624
0 2 33
