byte offset: 0
first index: 0
index count: 10764
topology: trianglelist
format: DXGI_FORMAT_R16_UINT

0 1 2
1 3 2
4 2 3
5 4 3
3 6 5
1 6 3
6 7 5
5 7 8
9 5 8
4 5 9
8 10 9
6 11 7
12 11 6
12 6 1
11 13 7
7 13 8
11 14 13
14 15 13
14 16 15
16 17 15
16 18 17
18 19 17
15 17 20
17 21 20
17 19 21
20 22 15
22 13 15
13 22 8
20 21 23
20 23 22
21 24 23
23 25 22
10 25 26
12 27 11
27 14 11
14 27 16
27 28 16
24 29 23
29 30 23
23 30 25
30 26 25
29 31 30
31 32 30
26 30 32
33 26 32
34 26 33
34 10 26
35 34 33
36 35 33
37 36 33
32 38 33
38 37 33
38 32 31
39 37 38
40 39 38
40 38 41
41 38 31
42 40 41
42 41 43
44 42 43
31 45 41
45 43 41
45 31 29
46 45 29
47 45 46
48 47 46
46 29 24
49 46 24
48 46 49
50 49 24
21 50 24
19 50 21
49 50 51
52 49 51
52 48 49
19 53 50
53 51 50
53 19 54
19 18 54
47 55 45
55 43 45
43 55 56
44 43 56
57 54 18
58 57 18
58 18 16
28 58 16
58 59 57
60 36 61
36 62 61
36 37 62
37 39 62
35 36 60
63 35 60
35 63 64
34 35 64
34 64 65
10 34 65
10 65 66
9 10 66
66 4 9
60 61 67
68 60 67
63 60 68
68 67 69
70 68 69
69 71 70
71 72 70
71 73 72
73 74 72
74 75 72
75 76 72
72 76 70
76 75 77
78 76 77
78 77 79
77 80 79
79 80 81
82 79 81
81 83 82
83 84 82
76 78 85
76 85 70
78 86 85
86 78 79
85 86 87
86 88 87
89 86 79
88 86 89
89 79 82
90 88 89
91 89 82
90 89 91
92 90 91
91 82 93
82 84 93
92 91 94
91 93 94
83 95 84
95 96 84
95 97 96
97 98 96
96 98 99
93 84 99
84 96 99
93 99 94
98 100 99
101 97 95
102 101 95
102 95 103
95 83 103
83 81 103
81 104 103
81 80 104
80 105 104
105 80 77
106 105 77
77 75 106
75 107 106
107 75 74
108 107 74
108 74 109
74 73 109
99 110 94
111 110 99
100 111 99
4 94 110
2 4 110
111 0 110
0 2 110
94 4 92
4 66 92
90 92 66
65 90 66
90 65 64
88 90 64
64 63 88
63 87 88
87 63 68
87 68 70
85 87 70
25 8 22
25 10 8
112 113 114
113 115 114
112 114 116
117 112 116
118 112 117
113 112 118
119 118 117
120 119 117
121 120 117
117 116 121
120 121 122
123 118 119
124 118 123
124 113 118
125 123 119
119 120 125
123 125 126
125 127 126
126 127 128
127 129 128
130 128 129
131 130 129
129 127 132
133 129 132
131 129 133
132 127 134
127 125 134
120 134 125
132 135 133
135 132 134
135 136 133
137 135 134
137 122 138
124 123 139
139 126 128
123 126 139
140 139 128
141 136 135
142 141 135
135 137 142
137 138 142
143 141 142
144 143 142
142 138 144
138 145 144
138 146 145
122 146 138
146 147 145
147 148 145
148 149 145
144 145 150
145 149 150
143 144 150
150 149 151
152 150 151
150 152 153
153 143 150
152 154 153
153 154 155
154 156 155
143 153 157
153 155 157
141 143 157
158 141 157
157 159 158
159 160 158
136 141 158
161 136 158
161 158 160
161 162 136
162 133 136
162 131 133
163 162 161
164 163 161
164 161 160
163 165 162
165 131 162
165 166 131
166 130 131
159 157 167
168 130 166
169 130 168
130 169 128
169 140 128
169 168 170
157 155 167
167 155 171
155 156 171
172 148 173
148 174 173
148 172 149
172 151 149
148 147 174
147 175 174
176 175 147
146 176 147
176 146 177
146 122 177
177 122 178
122 121 178
116 178 121
179 173 174
180 179 174
174 175 180
181 179 180
182 181 180
183 181 182
184 183 182
185 183 184
186 185 184
186 184 187
184 188 187
184 182 188
189 187 188
190 189 188
190 191 189
191 192 189
192 191 193
191 194 193
195 193 194
196 195 194
188 197 190
182 197 188
197 198 190
190 198 191
197 199 198
199 200 198
198 201 191
198 200 201
191 201 194
200 202 201
201 203 194
201 202 203
202 204 203
203 205 194
205 196 194
204 206 203
206 205 203
207 195 196
208 207 196
209 207 208
210 209 208
208 211 210
205 211 196
211 208 196
211 205 206
211 212 210
209 213 207
213 214 207
214 215 207
215 195 207
195 215 193
215 216 193
193 216 192
216 217 192
192 217 189
217 218 189
189 218 187
218 219 187
187 219 186
219 220 186
220 221 186
221 185 186
222 211 206
211 222 223
212 211 223
206 116 222
116 114 222
223 222 115
222 114 115
116 206 204
178 116 204
178 204 202
177 178 202
177 202 176
202 200 176
175 176 200
199 175 200
175 199 180
182 180 199
197 182 199
137 134 120
137 120 122
224 225 226
225 227 226
226 227 228
227 229 228
225 224 230
224 231 230
232 230 231
233 232 231
229 234 228
234 235 228
235 234 236
237 235 236
237 236 238
239 237 238
238 240 239
240 241 239
242 243 244
244 243 245
246 243 242
247 243 246
245 243 248
248 243 249
249 243 250
250 243 247
251 252 253
252 254 253
254 252 255
256 254 255
251 253 257
258 251 257
257 259 258
259 260 258
261 256 255
262 261 255
263 261 262
264 263 262
265 263 264
266 265 264
265 266 267
266 268 267
269 270 271
270 272 271
273 269 271
274 273 271
272 275 271
275 276 271
276 277 271
277 274 271
278 279 280
279 281 280
279 278 282
283 279 282
281 279 284
279 285 284
279 283 285
283 282 286
287 283 286
284 285 288
285 289 288
289 285 290
285 291 290
283 291 285
292 291 283
287 292 283
290 291 293
291 294 293
291 292 294
295 293 294
296 295 294
294 297 296
297 292 287
292 297 294
287 298 297
298 299 297
299 300 297
300 301 297
297 301 296
302 293 295
293 302 290
303 302 295
295 304 303
304 305 303
305 304 306
307 305 306
304 308 306
295 308 304
295 296 308
296 309 308
301 309 296
310 309 301
301 300 310
307 306 311
300 312 310
313 310 312
307 311 314
311 315 314
315 316 314
316 317 314
317 316 318
319 316 315
312 320 313
320 321 313
321 320 322
320 323 322
322 323 324
324 323 325
324 325 326
327 326 325
328 327 325
327 328 329
328 330 329
329 330 331
332 329 331
329 332 333
332 334 333
334 332 335
336 334 335
334 336 337
334 337 338
337 339 338
337 340 339
340 341 339
337 342 340
336 342 337
342 343 340
335 332 344
332 331 344
339 341 345
339 345 338
341 346 345
345 347 338
345 348 347
348 345 346
348 349 347
350 348 346
338 347 351
347 349 351
352 338 351
352 351 353
354 352 353
354 333 352
354 353 355
354 356 333
356 329 333
356 354 357
357 354 355
355 353 358
351 359 353
359 358 353
349 359 351
319 357 355
319 360 357
360 361 357
356 357 361
326 361 360
361 326 327
356 327 329
361 327 356
358 318 355
355 316 319
316 355 318
360 324 326
334 352 333
334 338 352
362 363 289
363 288 289
364 362 289
290 364 289
302 364 290
365 366 367
365 367 368
368 367 369
367 370 369
370 367 366
371 365 368
369 370 372
370 373 372
373 370 366
374 373 366
372 373 375
373 374 375
376 374 366
374 376 377
376 378 377
378 379 377
380 374 377
378 381 379
381 382 379
383 378 376
378 383 381
384 383 376
383 384 385
386 383 385
386 385 387
387 385 365
365 385 384
388 387 365
389 386 387
390 386 389
386 390 383
391 390 389
366 365 384
384 376 366
383 392 381
390 392 383
381 392 393
393 392 390
394 381 393
395 393 390
330 396 331
396 397 331
331 397 344
397 398 344
330 328 396
328 399 396
328 325 399
325 400 399
323 400 325
399 401 396
396 401 402
402 397 396
401 403 402
399 400 404
401 399 404
405 401 404
400 323 406
406 404 400
323 407 406
407 408 406
402 409 397
409 398 397
323 410 407
410 323 320
411 410 320
320 312 411
312 412 411
412 312 413
413 414 412
300 413 312
415 413 300
299 415 300
413 415 416
414 413 416
298 415 299
415 298 417
417 298 418
418 419 417
419 420 417
298 421 418
298 287 421
287 286 421
422 414 416
417 420 423
420 424 423
416 415 425
415 417 426
417 423 426
415 426 425
426 427 425
427 428 425
429 430 431
430 432 431
433 430 429
434 433 429
435 436 437
436 438 437
435 437 439
437 440 439
441 439 440
442 441 440
437 438 443
444 437 443
440 437 444
444 443 445
446 444 445
444 446 447
448 444 447
448 440 444
449 440 448
440 449 442
447 450 448
450 451 448
448 451 449
451 450 452
453 451 452
454 451 453
451 454 449
454 442 449
442 454 455
454 456 455
456 454 457
457 454 453
458 456 457
452 459 453
457 453 460
459 460 453
461 457 460
457 461 458
452 450 462
462 450 447
463 452 462
464 452 463
452 464 459
465 464 463
464 466 459
466 464 465
467 466 465
467 468 466
458 461 469
470 469 461
467 471 468
468 471 472
473 472 471
474 473 471
474 475 473
476 472 473
469 470 477
470 478 477
478 479 477
479 480 477
479 481 480
481 482 480
483 476 473
473 475 483
476 483 484
476 484 485
485 484 486
485 487 481
487 485 486
487 482 481
487 488 482
486 488 487
488 489 482
488 490 489
490 491 489
491 490 492
490 493 492
493 490 494
495 493 494
493 495 496
495 497 496
492 493 498
493 496 498
499 494 490
499 486 484
499 490 488
486 499 488
499 484 500
500 494 499
500 501 494
495 494 501
501 500 502
503 501 502
500 483 502
497 495 504
504 495 505
501 503 505
495 501 505
506 504 505
507 504 506
504 507 508
508 497 504
507 509 508
510 507 506
506 511 510
511 506 505
511 512 510
512 511 513
513 511 514
514 511 505
503 514 505
515 513 514
514 503 515
516 512 513
483 517 502
517 518 502
518 503 502
503 518 515
517 483 475
484 483 500
519 446 520
446 445 520
519 521 446
521 447 446
521 462 447
522 523 524
525 523 522
525 526 523
526 527 523
527 524 523
528 525 522
527 526 529
530 527 529
530 524 527
531 524 530
529 532 530
532 531 530
531 533 524
534 533 531
535 534 531
536 533 534
537 536 534
533 538 524
522 524 538
539 522 538
539 540 522
539 541 540
541 542 540
540 543 522
541 539 544
539 538 544
538 533 544
533 536 544
545 536 537
536 545 544
546 545 537
541 547 542
541 544 547
547 548 542
545 549 544
544 549 547
550 549 545
549 550 547
551 550 545
550 552 547
491 492 553
492 554 553
492 498 554
498 555 554
489 491 553
556 489 553
482 489 556
557 482 556
480 482 557
557 558 480
556 553 559
560 559 553
553 554 560
556 559 561
557 556 561
558 557 561
559 562 561
563 559 560
560 554 564
554 555 564
480 558 565
566 480 565
566 477 480
567 566 565
558 568 565
566 569 477
477 569 469
569 570 469
569 571 570
469 570 572
570 573 572
574 469 572
458 469 574
458 574 575
456 458 575
574 576 575
576 577 575
576 574 578
572 578 574
579 576 578
455 456 580
580 581 455
581 582 455
582 581 583
582 584 455
455 584 442
584 441 442
585 586 587
586 588 587
587 589 585
589 590 585
591 592 593
592 594 593
593 594 595
594 596 595
597 598 599
598 600 599
601 597 599
602 601 599
598 603 600
603 604 600
605 606 607
606 608 607
609 606 605
610 609 605
611 609 610
611 610 612
611 612 613
612 614 613
613 614 615
614 616 615
615 616 617
618 615 617
619 620 621
620 622 621
623 624 625
624 626 625
625 626 627
626 628 627
629 624 623
630 629 623
631 632 633
632 634 633
633 634 635
636 633 635
637 638 639
638 640 639
641 638 637
642 641 637
643 644 645
644 646 645
647 648 649
649 648 650
648 647 651
647 652 651
653 654 655
654 656 655
657 656 654
658 657 654
659 660 661
660 662 661
662 660 663
664 662 663
665 666 667
666 668 667
669 666 665
670 669 665
671 669 670
672 671 670
667 668 673
668 674 673
673 674 675
674 676 675
675 676 677
676 678 677
679 680 681
680 682 681
680 679 683
684 680 683
681 682 685
686 681 685
687 688 689
688 690 689
691 692 693
692 694 693
695 692 691
696 695 691
696 697 695
697 698 695
697 699 698
699 700 698
699 701 700
701 702 700
701 703 702
703 704 702
705 706 707
706 708 707
707 709 705
709 710 705
711 712 713
712 714 713
714 715 713
716 717 718
717 719 718
719 717 720
721 719 720
722 723 724
723 725 724
726 727 728
727 729 728
729 727 730
731 729 730
732 733 734
733 735 734
736 737 738
737 739 738
740 741 742
741 743 742
744 745 746
745 747 746
747 748 746
746 748 749
748 750 749
412 751 411
752 753 754
753 755 754
756 754 755
757 756 755
758 759 760
759 761 760
762 763 764
763 765 764
762 764 766
767 762 766
768 769 770
769 771 770
769 772 771
772 773 771
774 775 776
775 777 776
775 774 778
774 779 778
780 781 782
781 783 782
782 783 784
783 785 784
786 787 788
787 789 788
788 790 786
790 791 786
792 793 794
793 795 794
796 797 798
797 799 798
798 799 800
799 801 800
802 803 804
803 805 804
805 803 806
807 805 806
808 809 810
809 811 810
810 811 812
813 810 812
814 815 816
815 817 816
818 817 815
819 818 815
820 817 818
817 820 816
821 820 818
820 822 816
823 824 825
824 826 825
827 828 829
828 830 829
829 830 831
830 832 831
833 834 835
834 836 835
837 838 839
838 840 839
838 841 840
841 842 840
843 844 845
844 846 845
847 843 845
848 847 845
846 844 849
850 846 849
851 852 853
852 854 853
852 851 855
856 852 855
857 853 854
858 857 854
859 860 861
860 862 861
862 863 861
863 864 861
864 863 865
866 864 865
867 868 869
868 870 869
871 872 873
872 874 873
875 872 871
876 875 871
877 878 879
878 880 879
881 882 883
882 884 883
885 886 887
886 888 887
888 886 889
890 888 889
891 892 893
892 894 893
895 893 894
896 895 894
897 898 899
898 900 899
900 898 901
902 900 901
903 904 905
904 906 905
906 904 907
904 908 907
909 907 908
910 909 908
911 912 913
912 914 913
915 916 917
916 918 917
918 916 919
920 918 919
921 922 923
922 924 923
925 926 927
926 928 927
929 930 931
930 932 931
933 931 932
934 933 932
935 936 937
936 938 937
939 940 941
940 942 941
943 941 942
944 943 942
945 946 947
946 948 947
948 946 949
950 948 949
951 952 953
952 954 953
955 956 957
956 958 957
959 960 961
960 962 961
963 964 965
964 966 965
966 964 967
968 966 967
969 970 971
970 972 971
973 971 972
974 973 972
975 976 977
976 978 977
979 980 981
980 982 981
982 980 983
980 984 983
985 983 984
986 985 984
987 988 989
988 990 989
990 988 991
992 990 991
993 994 995
995 994 996
996 994 997
998 994 993
997 994 999
999 994 1000
1000 994 1001
1001 994 1002
1003 994 998
1004 994 1003
1005 994 1004
1006 994 1005
1007 994 1006
1002 994 1007
1008 1009 1010
1011 1009 1008
1012 1009 1011
1010 1009 1013
1014 1009 1012
1015 1009 1014
1016 1009 1015
1017 1009 1016
1013 1009 1018
1018 1009 1019
1019 1009 1020
1020 1009 1021
1021 1009 1022
1022 1009 1017
410 1023 407
1024 1025 1026
1025 1027 1026
1024 1026 1028
1026 1029 1028
1030 1031 1032
1031 1033 1032
1031 1030 1034
1030 1035 1034
1036 1037 1038
1037 1039 1038
1038 1040 1036
1040 1041 1036
1042 1043 1044
1043 1045 1044
1046 1045 1043
1047 1046 1043
1048 1046 1047
1049 1048 1047
1050 1048 1049
1051 1050 1049
1049 1052 1051
1052 1049 1047
1052 1053 1051
1054 1053 1052
1055 1054 1052
1047 1043 1056
1052 1056 1055
1056 1052 1047
1043 1057 1056
1057 1043 1042
1058 1056 1057
1056 1058 1055
1059 1058 1057
1059 1057 1060
1057 1061 1060
1061 1057 1042
1060 1062 1059
1063 1062 1060
1064 1063 1060
1065 1063 1064
1065 1066 1063
1066 1067 1063
1063 1067 1062
1068 1065 1064
1062 1069 1059
1069 1062 1070
1067 1070 1062
1071 1069 1070
1065 1068 1072
1073 1065 1072
1074 1073 1072
1075 1074 1072
1076 1074 1075
1077 1074 1076
1078 1077 1076
1079 1077 1078
1080 1079 1078
1081 1076 1075
1082 1069 1071
1083 1082 1071
1084 1083 1071
1085 1084 1071
1071 1070 1085
1083 1084 1086
1087 1083 1086
1086 1084 1088
1084 1089 1088
1084 1085 1089
1087 1090 1083
1090 1082 1083
1088 1089 1091
1089 1092 1091
1091 1092 1093
1092 1094 1093
1094 1092 1095
1096 1094 1095
1092 1089 1097
1085 1097 1089
1092 1097 1095
1085 1098 1097
1098 1096 1095
1098 1095 1097
1070 1098 1085
1070 1067 1098
1067 1099 1098
1099 1096 1098
1099 1067 1100
1099 1100 1101
1102 1099 1101
1094 1096 1102
1099 1102 1096
1100 1103 1101
1103 1104 1101
1104 1103 1105
1103 1106 1105
1106 1103 1107
1108 1106 1107
1108 1107 1109
1107 1073 1109
1104 1110 1101
1101 1110 1102
1110 1104 1111
1104 1105 1111
1073 1074 1109
1065 1073 1107
1066 1065 1107
1107 1103 1066
1103 1100 1066
1067 1066 1100
1110 1094 1102
1094 1110 1093
1110 1111 1093
1112 1113 1114
1113 1115 1114
1115 1113 1116
1117 1115 1116
1117 1116 1118
1119 1117 1118
1119 1118 1120
1118 1121 1120
1117 1122 1115
1122 1123 1115
1115 1123 1114
1119 1124 1117
1124 1122 1117
1124 1125 1122
1125 1126 1122
1126 1068 1122
1068 1123 1122
1120 1127 1119
1127 1124 1119
1075 1126 1125
1081 1075 1125
1081 1125 1128
1125 1124 1128
1124 1127 1128
1129 1081 1128
1081 1129 1130
1076 1081 1130
1131 1123 1068
1064 1131 1068
1123 1131 1114
1076 1130 1078
1130 1132 1078
1132 1133 1078
1133 1080 1078
1064 1060 1131
1060 1061 1131
1114 1131 1042
1131 1061 1042
1112 1114 1042
1044 1112 1042
1134 1135 1136
1135 1137 1136
1134 1138 1135
1138 1139 1135
1140 1139 1138
1141 1140 1138
1137 1142 1136
1142 1143 1136
1142 1144 1143
1144 1145 1143
1145 1144 1146
1147 1148 1149
1148 1150 1149
1150 1151 1149
1152 1153 1154
1153 1155 1154
1154 1156 1152
1156 1157 1152
1152 1157 1158
1159 1152 1158
1153 1152 1159
1159 1158 1160
1161 1159 1160
1153 1159 1162
1154 1155 1055
1156 1154 1055
1155 1054 1055
1058 1156 1055
1161 1163 1159
1163 1162 1159
1082 1157 1156
1082 1090 1157
1164 1082 1156
1156 1058 1164
1082 1164 1069
1164 1059 1069
1058 1059 1164
1165 1166 1167
1166 1168 1167
1167 1168 1169
1170 1167 1169
1171 1172 1173
1174 1171 1173
1175 1174 1173
1172 1176 1173
1177 1175 1173
1176 1178 1173
1178 1179 1173
1180 1177 1173
1179 1180 1173
1075 1072 1126
1072 1068 1126
1181 1182 1183
1182 1184 1183
1182 1181 1185
1186 1182 1185
1186 1185 1187
1188 1186 1187
1187 1189 1188
1189 1190 1188
1191 1188 1190
1188 1191 1186
1192 1191 1190
1191 1192 1193
1194 1191 1193
1182 1186 1195
1191 1194 1195
1191 1195 1186
1196 1182 1195
1184 1182 1196
1195 1197 1196
1194 1197 1195
1197 1198 1196
1199 1184 1196
1198 1200 1196
1200 1199 1196
1201 1200 1198
1200 1201 1202
1203 1200 1202
1202 1204 1203
1204 1202 1205
1202 1206 1205
1202 1201 1206
1204 1207 1203
1208 1201 1198
1201 1208 1209
1201 1209 1206
1208 1210 1209
1211 1207 1204
1212 1211 1204
1212 1213 1211
1213 1214 1211
1213 1215 1214
1213 1216 1215
1216 1217 1215
1216 1218 1217
1218 1219 1217
1215 1220 1214
1210 1208 1221
1222 1210 1221
1222 1223 1210
1223 1224 1210
1210 1224 1209
1225 1223 1222
1226 1225 1222
1223 1225 1227
1228 1223 1227
1223 1228 1224
1221 1229 1222
1229 1226 1222
1227 1230 1228
1230 1231 1228
1230 1232 1231
1232 1233 1231
1234 1231 1233
1235 1234 1233
1231 1236 1228
1228 1236 1224
1231 1234 1236
1224 1236 1237
1237 1234 1235
1237 1236 1234
1224 1237 1209
1209 1237 1206
1237 1238 1206
1238 1237 1235
1206 1238 1239
1238 1240 1239
1241 1240 1238
1241 1235 1233
1238 1235 1241
1242 1239 1240
1243 1242 1240
1243 1244 1242
1244 1245 1242
1242 1245 1246
1245 1247 1246
1246 1247 1248
1212 1246 1248
1243 1240 1249
1240 1241 1249
1244 1243 1250
1243 1249 1250
1212 1248 1213
1212 1204 1246
1204 1205 1246
1246 1205 1242
1205 1239 1242
1205 1206 1239
1249 1241 1233
1233 1232 1249
1232 1250 1249
1251 1252 1253
1252 1254 1253
1252 1251 1255
1251 1256 1255
1255 1256 1257
1256 1258 1257
1258 1259 1257
1259 1260 1257
1256 1251 1261
1251 1262 1261
1251 1253 1262
1258 1256 1263
1256 1261 1263
1263 1261 1264
1261 1265 1264
1265 1261 1207
1207 1261 1262
1263 1266 1258
1266 1259 1258
1264 1265 1214
1220 1264 1214
1267 1264 1220
1266 1263 1267
1263 1264 1267
1268 1267 1220
1268 1220 1269
1220 1215 1269
1207 1262 1270
1203 1207 1270
1253 1270 1262
1215 1217 1269
1269 1217 1271
1271 1217 1272
1217 1219 1272
1203 1270 1200
1270 1199 1200
1253 1184 1270
1184 1199 1270
1253 1254 1184
1254 1183 1184
1273 1274 1275
1274 1276 1275
1277 1276 1274
1278 1277 1274
1277 1278 1279
1280 1277 1279
1281 1273 1275
1282 1281 1275
1281 1282 1283
1282 1284 1283
1284 1285 1283
1286 1287 1288
1287 1289 1288
1286 1288 1290
1291 1292 1293
1292 1294 1293
1292 1291 1295
1291 1296 1295
1296 1291 1297
1291 1298 1297
1293 1298 1291
1299 1297 1298
1300 1299 1298
1293 1301 1298
1292 1194 1294
1292 1295 1194
1194 1193 1294
1295 1197 1194
1300 1298 1302
1298 1301 1302
1296 1221 1295
1221 1296 1229
1221 1303 1295
1295 1303 1197
1221 1208 1303
1208 1198 1303
1303 1198 1197
1304 1305 1306
1305 1307 1306
1304 1306 1308
1306 1309 1308
1310 1311 1312
1313 1311 1310
1314 1311 1313
1312 1311 1315
1316 1311 1314
1315 1311 1317
1317 1311 1318
1319 1311 1316
1318 1311 1319
1214 1265 1211
1265 1207 1211
1320 1321 1322
1321 1323 1322
1321 1320 1324
1325 1321 1324
1324 1326 1325
1326 1327 1325
1326 1328 1327
1328 1329 1327
1322 1323 1330
1323 1331 1330
1330 1331 1332
1331 1333 1332
1334 1321 1325
1323 1321 1334
1335 1334 1325
1335 1325 1327
1336 1335 1327
1327 1329 1336
1323 1337 1331
1337 1323 1334
1337 1338 1331
1338 1339 1331
1339 1333 1331
1340 1335 1336
1341 1335 1340
1342 1340 1336
1340 1342 1343
1344 1340 1343
1340 1344 1341
1343 1345 1344
1345 1346 1344
1346 1345 1347
1348 1346 1347
1345 1349 1347
1349 1350 1347
1348 1347 1351
1351 1347 1350
1352 1348 1351
1353 1348 1352
1346 1348 1353
1354 1353 1352
1355 1353 1354
1356 1353 1355
1356 1346 1353
1346 1356 1344
1357 1356 1355
1358 1356 1357
1359 1358 1357
1358 1359 1360
1359 1361 1360
1362 1358 1360
1358 1362 1356
1363 1362 1360
1360 1361 1364
1365 1355 1354
1365 1354 1366
1366 1354 1352
1365 1366 1367
1366 1368 1367
1366 1369 1368
1369 1370 1368
1371 1368 1370
1372 1371 1370
1373 1372 1370
1374 1373 1370
1370 1369 1374
1373 1374 1375
1374 1376 1375
1376 1374 1377
1369 1377 1374
1378 1376 1377
1351 1378 1377
1378 1351 1350
1371 1379 1368
1379 1367 1368
1369 1366 1352
1369 1352 1377
1352 1351 1377
1380 1381 1382
1381 1383 1382
1382 1383 1384
1383 1385 1384
1385 1383 1386
1387 1385 1386
1381 1388 1383
1388 1386 1383
1386 1388 1389
1386 1389 1390
1386 1390 1387
1390 1389 1391
1389 1392 1391
1389 1393 1392
1388 1393 1389
1393 1394 1392
1395 1391 1392
1396 1395 1392
1392 1394 1396
1390 1397 1387
1398 1397 1390
1398 1390 1399
1399 1390 1391
1400 1398 1399
1401 1400 1399
1400 1401 1402
1401 1403 1402
1403 1401 1404
1401 1405 1404
1405 1401 1406
1401 1399 1406
1406 1399 1391
1402 1403 1407
1403 1408 1407
1403 1404 1408
1407 1408 1409
1408 1410 1409
1410 1408 1411
1408 1412 1411
1404 1412 1408
1409 1410 1413
1410 1414 1413
1413 1414 1415
1414 1416 1415
1416 1414 1417
1414 1418 1417
1411 1418 1410
1418 1414 1410
1405 1406 1419
1406 1420 1419
1421 1419 1420
1422 1421 1420
1421 1422 1423
1422 1424 1423
1425 1423 1424
1426 1425 1424
1426 1427 1425
1427 1428 1425
1426 1424 1429
1430 1426 1429
1427 1426 1430
1431 1427 1430
1428 1427 1432
1427 1433 1432
1433 1427 1434
1427 1431 1434
1432 1433 1435
1433 1436 1435
1435 1436 1437
1436 1438 1437
1438 1436 1439
1436 1440 1439
1436 1433 1440
1433 1434 1440
1429 1441 1442
1441 1443 1442
1441 1429 1444
1441 1444 1445
1441 1445 1446
1447 1441 1446
1444 1448 1445
1449 1445 1448
1446 1445 1449
1450 1449 1448
1395 1448 1444
1395 1450 1448
1444 1420 1395
1451 1447 1446
1452 1451 1446
1452 1453 1451
1453 1454 1451
1455 1453 1452
1456 1455 1452
1457 1454 1453
1458 1457 1453
1457 1458 1459
1458 1460 1459
1460 1458 1461
1458 1462 1461
1458 1453 1462
1453 1455 1462
1456 1452 1463
1452 1446 1463
1463 1446 1449
1464 1449 1465
1466 1464 1465
1465 1449 1450
1465 1450 1467
1450 1468 1467
1469 1467 1468
1470 1469 1468
1470 1468 1396
1467 1471 1465
1471 1472 1465
1471 1473 1472
1473 1474 1472
1473 1471 1475
1469 1475 1467
1475 1471 1467
1476 1473 1475
1474 1473 1477
1473 1478 1477
1473 1476 1478
1476 1479 1478
1480 1477 1478
1481 1480 1478
1480 1481 1482
1481 1483 1482
1483 1481 1484
1481 1485 1484
1479 1485 1478
1485 1481 1478
1470 1396 1486
1470 1486 1487
1488 1470 1487
1487 1489 1488
1489 1490 1488
1489 1487 1491
1492 1489 1491
1491 1487 1493
1487 1486 1493
1493 1486 1494
1494 1486 1396
1489 1495 1490
1489 1492 1495
1495 1496 1490
1496 1495 1497
1498 1496 1497
1495 1499 1497
1492 1499 1495
1499 1500 1497
1501 1498 1497
1502 1501 1497
1501 1502 1503
1502 1504 1503
1504 1502 1505
1502 1506 1505
1500 1506 1497
1506 1502 1497
1394 1494 1396
1396 1468 1395
1395 1468 1450
1395 1420 1391
1420 1406 1391
1444 1422 1420
1422 1444 1424
1444 1429 1424
1507 1508 1509
1509 1510 1507
1511 1507 1510
1512 1511 1510
1509 1508 1341
1508 1513 1341
1513 1508 1514
1515 1513 1514
1516 1515 1514
1517 1516 1514
1516 1517 1518
1518 1517 1519
1517 1520 1519
1517 1521 1520
1514 1521 1517
1521 1514 1522
1523 1516 1518
1523 1518 1524
1525 1523 1524
1526 1518 1519
1524 1518 1526
1527 1526 1519
1528 1527 1519
1529 1528 1519
1529 1519 1520
1529 1530 1528
1530 1531 1528
1532 1530 1529
1533 1532 1529
1533 1529 1520
1520 1521 1533
1534 1532 1533
1535 1534 1533
1521 1535 1533
1534 1535 1536
1537 1534 1536
1531 1530 1538
1539 1531 1538
1540 1539 1538
1541 1539 1540
1542 1541 1540
1543 1542 1540
1543 1540 1538
1542 1543 1544
1545 1542 1544
1545 1544 1546
1542 1545 1547
1541 1542 1547
1545 1548 1547
1549 1543 1538
1543 1549 1544
1550 1541 1547
1548 1545 1551
1545 1546 1551
1549 1552 1544
1537 1546 1552
1546 1544 1552
1550 1553 1541
1553 1539 1541
1547 1548 1554
1555 1547 1554
1550 1547 1556
1547 1555 1556
1551 1557 1548
1557 1554 1548
1556 1558 1550
1558 1553 1550
1549 1532 1552
1530 1532 1549
1538 1530 1549
1532 1534 1552
1537 1552 1534
1559 1560 1561
1560 1562 1561
1563 1561 1562
1564 1563 1562
1564 1565 1563
1565 1566 1563
1560 1559 1567
1559 1568 1567
1568 1559 1569
1569 1559 1561
1568 1569 1570
1569 1571 1570
1570 1571 1572
1570 1572 1573
1572 1574 1573
1572 1575 1574
1575 1576 1574
1576 1575 1577
1575 1578 1577
1577 1578 1579
1578 1580 1579
1581 1580 1578
1575 1582 1578
1582 1581 1578
1571 1582 1572
1582 1575 1572
1582 1571 1583
1571 1569 1583
1581 1582 1583
1583 1569 1561
1583 1561 1584
1581 1584 1580
1584 1581 1583
1561 1563 1584
1566 1584 1563
1584 1566 1580
1576 1577 1585
1586 1576 1585
1574 1576 1587
1576 1586 1587
1579 1588 1577
1588 1585 1577
1587 1589 1574
1589 1573 1574
1590 1591 1488
1591 1469 1488
1470 1488 1469
1507 1511 1564
1507 1564 1592
1564 1562 1592
1562 1560 1592
1560 1593 1592
1593 1560 1594
1593 1594 1595
1595 1594 1596
1594 1597 1596
1597 1594 1598
1599 1597 1598
1597 1600 1596
1597 1599 1600
1599 1601 1600
1601 1602 1600
1603 1602 1601
1602 1603 1604
1603 1605 1604
1600 1602 1606
1602 1604 1606
1600 1606 1596
1605 1603 1607
1608 1605 1607
1604 1605 1609
1604 1609 1606
1605 1610 1609
1610 1611 1609
1609 1611 1612
1609 1612 1606
1611 1613 1612
1613 1614 1612
1614 1613 1615
1616 1614 1615
1606 1612 1596
1612 1614 1596
1596 1614 1595
1614 1616 1595
1610 1605 1617
1605 1608 1617
1617 1618 1610
1618 1611 1610
1608 1607 1619
1619 1607 1620
1607 1621 1620
1622 1608 1619
1617 1608 1623
1608 1622 1623
1623 1624 1617
1624 1618 1617
1595 1616 1522
1616 1521 1522
1521 1616 1535
1522 1593 1595
1514 1593 1522
1514 1508 1593
1508 1592 1593
1507 1592 1508
1607 1603 1621
1603 1601 1621
1625 1364 1626
1364 1627 1626
1512 1625 1626
1628 1512 1626
1628 1629 1512
1629 1511 1512
1630 1511 1629
1631 1630 1629
1631 1629 1632
1632 1629 1628
1633 1631 1632
1634 1633 1632
1635 1633 1634
1635 1634 1636
1637 1635 1636
1638 1637 1636
1639 1638 1636
1638 1639 1640
1627 1640 1641
1640 1639 1641
1641 1639 1642
1639 1636 1642
1636 1634 1642
1634 1632 1642
1642 1632 1628
1642 1628 1641
1637 1638 1643
1644 1637 1643
1635 1637 1645
1637 1644 1645
1643 1638 1646
1638 1640 1646
1645 1647 1635
1647 1633 1635
1644 1643 1648
1649 1644 1648
1645 1644 1650
1644 1649 1650
1646 1651 1643
1651 1648 1643
1650 1652 1645
1652 1647 1645
1627 1641 1626
1628 1626 1641
1653 1345 1343
1653 1343 1654
1343 1342 1654
1655 1654 1342
1336 1655 1342
1329 1655 1336
1653 1349 1345
1339 1338 1525
1338 1523 1525
1516 1523 1338
1337 1516 1338
1515 1516 1337
1334 1515 1337
1513 1515 1334
1513 1334 1335
1341 1513 1335
1341 1656 1509
1656 1362 1509
1510 1509 1362
1363 1510 1362
1512 1510 1363
1625 1512 1363
1362 1656 1356
1344 1656 1341
1356 1656 1344
1360 1625 1363
1360 1364 1625
1657 1658 1659
1658 1660 1659
1660 1658 1661
1658 1662 1661
1663 1661 1662
1664 1663 1662
1663 1664 1665
1664 1666 1665
1657 1659 1667
1668 1657 1667
1667 1669 1668
1669 1670 1668
1658 1671 1662
1658 1657 1671
1671 1672 1662
1664 1662 1672
1673 1664 1672
1664 1673 1666
1670 1674 1668
1674 1675 1668
1675 1676 1668
1676 1657 1668
1657 1676 1671
1673 1672 1677
1678 1677 1672
1679 1673 1677
1679 1677 1680
1677 1681 1680
1677 1678 1681
1682 1680 1681
1683 1682 1681
1682 1683 1684
1683 1685 1684
1686 1682 1684
1687 1686 1684
1684 1685 1688
1684 1688 1687
1685 1689 1688
1685 1690 1689
1685 1683 1690
1690 1691 1689
1691 1690 1692
1692 1690 1693
1683 1693 1690
1693 1683 1681
1694 1692 1693
1694 1693 1695
1696 1694 1695
1695 1697 1696
1697 1698 1696
1695 1699 1697
1699 1695 1693
1699 1700 1697
1697 1701 1698
1702 1691 1692
1702 1703 1691
1691 1703 1689
1703 1702 1704
1705 1703 1704
1703 1705 1706
1705 1707 1706
1707 1705 1708
1709 1707 1708
1709 1710 1707
1710 1711 1707
1706 1707 1711
1710 1712 1711
1712 1713 1711
1714 1711 1713
1714 1706 1711
1715 1714 1713
1688 1714 1715
1688 1715 1687
1704 1716 1705
1716 1708 1705
1703 1706 1689
1688 1689 1714
1689 1706 1714
1717 1718 1719
1718 1720 1719
1720 1718 1721
1722 1720 1721
1720 1722 1723
1722 1724 1723
1723 1725 1720
1725 1719 1720
1725 1723 1726
1723 1727 1726
1723 1724 1727
1726 1727 1728
1729 1726 1728
1730 1726 1729
1730 1725 1726
1731 1730 1729
1728 1732 1729
1732 1733 1729
1729 1733 1731
1724 1734 1727
1735 1727 1734
1735 1736 1727
1728 1727 1736
1735 1737 1736
1737 1738 1736
1737 1739 1738
1739 1740 1738
1738 1740 1741
1742 1738 1741
1742 1743 1738
1743 1736 1738
1743 1728 1736
1740 1739 1744
1745 1740 1744
1740 1745 1741
1744 1746 1745
1746 1747 1745
1745 1747 1748
1749 1745 1748
1745 1749 1741
1747 1746 1750
1751 1747 1750
1750 1752 1751
1752 1753 1751
1753 1754 1751
1754 1755 1751
1748 1747 1755
1747 1751 1755
1743 1742 1756
1757 1743 1756
1757 1756 1758
1759 1757 1758
1758 1760 1759
1760 1761 1759
1760 1762 1761
1762 1763 1761
1764 1763 1762
1765 1764 1762
1761 1763 1766
1763 1767 1766
1767 1763 1764
1768 1767 1764
1765 1769 1764
1769 1770 1764
1768 1764 1771
1764 1770 1771
1770 1769 1772
1773 1770 1772
1772 1774 1773
1774 1775 1773
1775 1776 1773
1776 1777 1773
1771 1770 1777
1770 1773 1777
1778 1766 1779
1780 1778 1779
1778 1781 1766
1778 1782 1781
1782 1778 1783
1778 1784 1783
1782 1785 1781
1785 1782 1786
1786 1782 1783
1787 1785 1786
1732 1781 1785
1732 1785 1787
1781 1732 1757
1783 1784 1788
1789 1783 1788
1790 1789 1788
1791 1790 1788
1790 1792 1789
1792 1793 1789
1790 1791 1794
1795 1790 1794
1794 1796 1795
1796 1797 1795
1797 1798 1795
1798 1799 1795
1792 1790 1799
1790 1795 1799
1793 1800 1789
1800 1783 1789
1800 1786 1783
1786 1801 1802
1801 1803 1802
1802 1787 1786
1802 1804 1787
1804 1805 1787
1805 1804 1806
1807 1805 1806
1807 1733 1805
1808 1804 1802
1809 1808 1802
1810 1808 1809
1811 1810 1809
1812 1808 1810
1808 1812 1804
1812 1806 1804
1813 1812 1810
1811 1814 1810
1814 1815 1810
1810 1815 1813
1815 1816 1813
1815 1814 1817
1818 1815 1817
1817 1819 1818
1819 1820 1818
1820 1821 1818
1821 1822 1818
1818 1822 1815
1822 1816 1815
1807 1823 1733
1824 1823 1807
1825 1824 1807
1826 1824 1825
1827 1826 1825
1828 1824 1826
1829 1828 1826
1828 1830 1824
1830 1823 1824
1830 1831 1823
1831 1733 1823
1826 1827 1832
1826 1832 1829
1827 1833 1832
1832 1833 1834
1833 1835 1834
1832 1834 1836
1832 1836 1829
1834 1837 1836
1834 1835 1838
1839 1834 1838
1838 1840 1839
1840 1841 1839
1841 1842 1839
1842 1843 1839
1839 1843 1834
1843 1837 1834
1733 1831 1731
1733 1732 1805
1732 1787 1805
1732 1728 1757
1728 1743 1757
1781 1757 1759
1781 1759 1761
1766 1781 1761
1844 1845 1846
1845 1844 1847
1847 1844 1848
1849 1847 1848
1846 1845 1678
1850 1846 1678
1846 1850 1851
1850 1852 1851
1852 1853 1851
1853 1854 1851
1855 1854 1853
1854 1855 1856
1857 1854 1856
1854 1857 1858
1851 1854 1858
1858 1859 1851
1860 1855 1853
1861 1855 1860
1862 1861 1860
1856 1855 1863
1861 1863 1855
1864 1856 1863
1864 1865 1856
1865 1866 1856
1857 1856 1866
1867 1866 1865
1868 1867 1865
1866 1867 1869
1870 1866 1869
1870 1857 1866
1858 1857 1870
1869 1871 1870
1871 1872 1870
1872 1858 1870
1873 1872 1871
1874 1873 1871
1868 1875 1867
1868 1876 1875
1876 1877 1875
1878 1877 1876
1878 1879 1877
1879 1880 1877
1877 1880 1875
1881 1880 1879
1882 1881 1879
1882 1883 1881
1879 1884 1882
1879 1878 1884
1884 1885 1882
1880 1886 1875
1880 1881 1886
1878 1887 1884
1883 1882 1888
1882 1885 1888
1881 1889 1886
1881 1883 1889
1883 1874 1889
1876 1890 1878
1890 1887 1878
1885 1884 1891
1884 1892 1891
1887 1893 1884
1893 1892 1884
1891 1894 1885
1894 1888 1885
1890 1895 1887
1895 1893 1887
1869 1886 1889
1886 1869 1867
1875 1886 1867
1871 1869 1889
1874 1871 1889
1896 1897 1898
1897 1899 1898
1896 1898 1900
1901 1896 1900
1902 1901 1900
1903 1902 1900
1897 1904 1899
1904 1905 1899
1905 1906 1899
1899 1906 1898
1906 1905 1907
1908 1906 1907
1907 1909 1908
1909 1907 1910
1911 1909 1910
1909 1911 1912
1911 1913 1912
1912 1913 1914
1915 1912 1914
1914 1916 1915
1916 1917 1915
1918 1915 1917
1918 1919 1915
1919 1912 1915
1908 1909 1919
1909 1912 1919
1906 1908 1920
1908 1919 1920
1919 1918 1920
1906 1920 1898
1898 1920 1921
1921 1918 1917
1918 1921 1920
1900 1898 1921
1903 1900 1921
1903 1921 1917
1914 1913 1922
1913 1923 1922
1911 1924 1913
1924 1923 1913
1922 1925 1914
1925 1916 1914
1926 1924 1911
1910 1926 1911
1806 1927 1825
1927 1928 1825
1807 1806 1825
1844 1901 1848
1901 1844 1929
1896 1901 1929
1897 1896 1929
1930 1897 1929
1930 1931 1897
1931 1930 1932
1931 1932 1933
1934 1931 1933
1935 1931 1934
1936 1935 1934
1937 1934 1933
1934 1937 1936
1936 1937 1938
1937 1939 1938
1940 1938 1939
1940 1939 1941
1942 1940 1941
1941 1939 1943
1939 1937 1943
1943 1937 1933
1940 1942 1944
1942 1945 1944
1942 1941 1946
1941 1943 1946
1947 1942 1946
1947 1946 1948
1948 1946 1949
1943 1949 1946
1950 1948 1949
1950 1949 1951
1950 1951 1952
1951 1953 1952
1943 1933 1949
1933 1951 1949
1933 1932 1951
1932 1953 1951
1947 1954 1942
1954 1945 1942
1948 1955 1947
1955 1954 1947
1944 1945 1956
1944 1956 1957
1958 1944 1957
1940 1944 1958
1938 1940 1958
1955 1959 1954
1959 1960 1954
1954 1960 1945
1945 1961 1956
1960 1961 1945
1932 1859 1953
1859 1858 1953
1858 1872 1953
1930 1859 1932
1851 1859 1930
1851 1930 1846
1846 1930 1929
1844 1846 1929
1962 1963 1701
1963 1964 1701
1962 1849 1963
1849 1965 1963
1966 1965 1849
1848 1966 1849
1848 1967 1966
1967 1968 1966
1968 1969 1966
1966 1969 1965
1968 1970 1969
1970 1971 1969
1972 1971 1970
1973 1971 1972
1974 1973 1972
1974 1975 1973
1975 1976 1973
1975 1977 1976
1964 1978 1977
1978 1976 1977
1973 1976 1979
1976 1978 1979
1973 1979 1971
1979 1969 1971
1969 1979 1965
1965 1979 1978
1975 1974 1980
1974 1981 1980
1972 1982 1974
1982 1981 1974
1977 1975 1983
1975 1980 1983
1970 1984 1972
1984 1982 1972
1980 1981 1985
1981 1986 1985
1982 1987 1981
1987 1986 1981
1985 1988 1980
1988 1983 1980
1984 1989 1982
1989 1987 1982
1964 1963 1978
1963 1965 1978
1990 1680 1682
1990 1991 1680
1991 1679 1680
1991 1992 1679
1992 1673 1679
1673 1992 1666
1990 1682 1686
1860 1675 1862
1675 1674 1862
1860 1853 1675
1853 1676 1675
1853 1852 1676
1852 1671 1676
1850 1671 1852
1672 1671 1850
1678 1672 1850
1993 1678 1845
1699 1993 1845
1699 1845 1847
1700 1699 1847
1847 1849 1700
1849 1962 1700
1993 1699 1693
1678 1993 1681
1993 1693 1681
1697 1700 1962
1697 1962 1701
1994 1995 1996
1994 1996 1997
1994 1997 1998
1994 1998 1999
1994 1999 2000
1994 2000 2001
1994 2001 2002
1994 2002 2003
1994 2003 2004
1994 2004 2005
1994 2005 2006
1994 2006 1995
2007 1996 1995
2008 2007 1995
1997 1996 2009
1996 2007 2009
1998 1997 2010
1997 2009 2010
1999 1998 2011
1998 2010 2011
2000 1999 2012
1999 2011 2012
2000 2012 2001
2012 2013 2001
2001 2013 2002
2013 2014 2002
2002 2014 2003
2014 2015 2003
2003 2015 2004
2015 2016 2004
2004 2016 2005
2016 2017 2005
2005 2017 2006
2017 2018 2006
2006 2018 1995
2018 2008 1995
2019 2020 2021
2019 2022 2020
2019 2023 2022
2019 2024 2023
2019 2025 2024
2019 2026 2025
2019 2027 2026
2019 2028 2027
2019 2029 2028
2019 2030 2029
2019 2031 2030
2019 2021 2031
2021 2020 2032
2033 2021 2032
2032 2020 2034
2020 2022 2034
2034 2022 2035
2022 2023 2035
2035 2023 2036
2023 2024 2036
2036 2024 2037
2024 2025 2037
2025 2026 2037
2026 2038 2037
2026 2027 2038
2027 2039 2038
2027 2028 2039
2028 2040 2039
2028 2029 2040
2029 2041 2040
2029 2030 2041
2030 2042 2041
2030 2031 2042
2031 2043 2042
2031 2021 2043
2021 2033 2043
2044 2045 2046
2044 2047 2045
2047 2044 2048
2049 2047 2048
2050 2047 2049
2051 2050 2049
2045 2047 2052
2047 2050 2052
2052 2050 2053
2054 2052 2053
2052 2054 2045
2050 2055 2053
2055 2050 2051
2056 2055 2051
2054 2057 2045
2046 2045 2057
2058 2057 2054
2057 2058 2059
2060 2046 2057
2060 2057 2059
2053 2061 2054
2062 2049 2048
2063 2062 2048
2063 2064 2062
2063 2065 2064
2062 2064 2066
2067 2062 2066
2062 2067 2049
2067 2051 2049
2067 2066 2068
2069 2068 2066
2066 2064 2069
2070 2067 2068
2051 2067 2070
2056 2051 2070
2064 2071 2069
2064 2065 2071
2072 2069 2071
2071 2073 2072
2065 2074 2071
2074 2073 2071
2068 2069 2075
2074 2076 2073
2056 2070 2077
2077 2070 2068
2078 2056 2077
2078 2079 2056
2078 2080 2079
2078 2077 2080
2080 2081 2079
2080 2082 2081
2079 2081 2083
2084 2083 2081
2085 2079 2083
2085 2083 2086
2087 2085 2086
2079 2085 2053
2053 2085 2087
2053 2055 2079
2079 2055 2056
2081 2088 2084
2082 2088 2081
2088 2082 2089
2090 2088 2089
2089 2091 2090
2091 2092 2090
2093 2092 2091
2094 2093 2091
2093 2094 2095
2096 2093 2095
2096 2095 2097
2098 2096 2097
2092 2093 2099
2093 2100 2099
2093 2096 2100
2096 2098 2101
2096 2101 2100
2100 2101 2102
2098 2103 2101
2098 2097 2104
2105 2098 2104
2098 2105 2103
2105 2106 2103
2103 2106 2107
2106 2108 2107
2104 2109 2105
2109 2110 2105
2105 2110 2106
2106 2111 2108
2110 2111 2106
2111 2112 2108
2113 2100 2102
2100 2113 2099
2114 2099 2113
2099 2114 2115
2107 2108 2116
2108 2117 2116
2108 2112 2117
2112 2118 2117
2103 2107 2119
2107 2120 2119
2107 2116 2120
2119 2120 2121
2121 2102 2119
2102 2101 2119
2103 2119 2101
2112 2122 2118
2122 2123 2118
2111 2124 2112
2124 2125 2112
2122 2112 2125
2124 2126 2125
2122 2127 2123
2121 2128 2102
2128 2113 2102
2124 2111 2129
2130 2124 2129
2129 2111 2131
2131 2111 2110
2110 2132 2131
2132 2133 2131
2132 2110 2134
2134 2135 2132
2110 2109 2134
2136 2134 2109
2137 2136 2109
2137 2109 2138
2138 2109 2139
2109 2104 2139
2140 2139 2104
2097 2140 2104
2140 2097 2141
2097 2095 2141
2142 2141 2095
2094 2142 2095
2094 2091 2142
2091 2143 2142
2143 2144 2142
2144 2145 2142
2141 2142 2145
2140 2141 2146
2146 2141 2145
2145 2147 2146
2148 2140 2146
2140 2148 2139
2148 2149 2139
2148 2150 2149
2150 2151 2149
2149 2151 2152
2151 2153 2152
2152 2138 2149
2138 2139 2149
2154 2144 2143
2155 2154 2143
2155 2143 2091
2089 2155 2091
2145 2156 2147
2157 2147 2156
2158 2155 2089
2082 2158 2089
2154 2155 2159
2155 2158 2159
2159 2158 2160
2160 2158 2161
2161 2158 2082
2080 2161 2082
2161 2162 2160
2162 2161 2077
2077 2161 2080
2163 2162 2077
2162 2163 2164
2163 2165 2164
2068 2163 2077
2165 2163 2068
2166 2159 2160
2166 2160 2167
2160 2168 2167
2162 2164 2168
2162 2168 2160
2167 2169 2166
2169 2170 2166
2166 2170 2159
2170 2171 2159
2068 2075 2165
2154 2171 2172
2144 2154 2172
2172 2156 2144
2156 2145 2144
2154 2159 2171
2173 2174 2175
2174 2176 2175
2177 2176 2174
2178 2173 2175
2179 2178 2175
2174 2173 2180
2174 2180 2181
2182 2174 2181
2177 2174 2182
2182 2183 2177
2183 2184 2177
2185 2177 2184
2184 2183 2186
2186 2183 2187
2183 2188 2187
2188 2183 2182
2181 2189 2182
2182 2189 2188
2190 2178 2179
2190 2191 2178
2192 2191 2190
2193 2192 2190
2194 2193 2190
2195 2192 2193
2192 2195 2196
2197 2192 2196
2197 2191 2192
2191 2197 2198
2191 2198 2199
2199 2178 2191
2178 2199 2200
2173 2178 2200
2201 2173 2200
2173 2201 2180
2190 2202 2194
2203 2202 2190
2202 2203 2204
2204 2203 2205
2206 2204 2205
2207 2206 2205
2208 2207 2205
2176 2208 2205
2208 2176 2177
2177 2209 2208
2209 2207 2208
2209 2210 2207
2211 2207 2210
2212 2207 2211
2212 2213 2207
2204 2206 2213
2213 2206 2207
2205 2175 2176
2213 2212 2214
2214 2212 2215
2215 2216 2214
2216 2217 2214
2217 2216 2218
2218 2216 2219
2216 2220 2219
2216 2215 2220
2221 2217 2218
2217 2221 2222
2223 2217 2222
2218 2224 2221
2218 2225 2224
2218 2219 2225
2224 2225 2226
2225 2219 2227
2224 2226 2228
2224 2229 2221
2229 2224 2228
2229 2228 2230
2230 2231 2229
2229 2231 2221
2231 2222 2221
2217 2223 2232
2214 2217 2232
2232 2213 2214
2225 2227 2233
2225 2233 2226
2226 2233 2234
2233 2227 2235
2233 2235 2234
2236 2234 2235
2236 2237 2234
2226 2234 2238
2228 2226 2238
2237 2238 2234
2237 2236 2239
2228 2238 2240
2228 2240 2230
2238 2241 2240
2237 2239 2241
2238 2237 2241
2239 2242 2241
2239 2243 2242
2243 2244 2242
2244 2243 2245
2243 2246 2245
2246 2243 2247
2243 2248 2247
2243 2239 2248
2247 2248 2249
2250 2247 2249
2250 2249 2251
2252 2250 2251
2250 2252 2253
2252 2254 2253
2247 2250 2255
2250 2253 2255
2245 2246 2256
2246 2257 2256
2246 2247 2257
2247 2255 2257
2251 2249 2258
2251 2258 2259
2260 2259 2258
2261 2260 2258
2249 2262 2258
2258 2262 2261
2262 2249 2248
2262 2248 2263
2263 2261 2262
2239 2263 2248
2263 2236 2261
2236 2263 2239
2261 2236 2235
2261 2235 2264
2260 2261 2264
2260 2264 2265
2265 2264 2227
2227 2264 2235
2227 2266 2265
2266 2227 2219
2265 2267 2260
2260 2267 2259
2265 2268 2267
2269 2259 2267
2269 2267 2268
2219 2220 2266
2220 2270 2266
2265 2266 2270
2270 2271 2265
2265 2271 2268
2272 2268 2271
2271 2273 2272
2271 2270 2273
2273 2274 2272
2273 2270 2275
2270 2220 2275
2273 2275 2276
2274 2273 2276
2276 2275 2277
2278 2276 2277
2279 2276 2278
2279 2274 2276
2279 2278 2280
2281 2280 2278
2211 2281 2278
2211 2278 2277
2282 2279 2280
2275 2215 2277
2215 2275 2220
2212 2277 2215
2212 2211 2277
2211 2210 2281
2272 2283 2268
2283 2269 2268
2059 2284 2060
2285 2286 2287
2286 2285 2288
2285 2289 2288
2290 2291 2292
2291 2293 2292
2294 2291 2290
2295 2294 2290
2294 2295 2296
2294 2296 2297
2294 2297 2298
2299 2294 2298
2299 2298 2300
2301 2302 2303
2303 2304 2301
2304 2305 2301
2305 2306 2301
2306 2307 2301
2301 2307 2302
2304 2303 2308
2309 2308 2303
2302 2309 2303
2310 2304 2308
2310 2308 2311
2308 2312 2311
2311 2312 2313
2312 2314 2313
2313 2314 2309
2309 2314 2308
2314 2312 2308
2315 2302 2307
2315 2307 2306
2316 2315 2306
2317 2318 2319
2318 2320 2319
2319 2321 2317
2322 2323 2324
2323 2325 2324
2322 2324 2326
2327 2322 2326
2326 2328 2327
2326 2329 2328
2330 2329 2326
2331 2330 2326
2331 2332 2330
2333 2334 2335
2334 2333 2336
2336 2333 2337
2333 2338 2337
2338 2333 2335
2338 2339 2337
2339 2338 2340
2338 2341 2340
2338 2335 2341
2342 2336 2337
2336 2342 2343
2344 2336 2343
2344 2343 2345
2346 2344 2345
2345 2334 2346
2334 2336 2346
2336 2344 2346
2347 2341 2335
2340 2341 2347
2348 2340 2347
2349 2350 2351
2350 2352 2351
2351 2352 2353
2354 2351 2353
2350 2349 2355
2356 2350 2355
2357 2356 2355
2358 2357 2355
2359 2357 2358
2360 2359 2358
2361 2359 2360
2362 2361 2360
2362 2360 2363
2362 2363 2364
2361 2362 2364
2365 2361 2364
2363 2366 2364
2360 2367 2363
2360 2358 2367
2358 2368 2367
2358 2355 2368
2355 2369 2368
2368 2370 2367
2370 2371 2367
2367 2371 2363
2371 2370 2372
2370 2373 2372
2372 2373 2374
2372 2374 2375
2374 2376 2375
2375 2376 2377
2376 2378 2377
2373 2379 2374
2373 2380 2379
2380 2381 2379
2382 2381 2380
2383 2382 2380
2384 2382 2383
2385 2384 2383
2386 2384 2385
2387 2386 2385
2388 2386 2387
2389 2388 2387
2390 2383 2380
2391 2390 2380
2391 2380 2373
2370 2391 2373
2390 2392 2383
2392 2385 2383
2387 2385 2392
2393 2387 2392
2389 2387 2393
2394 2389 2393
2391 2370 2368
2369 2391 2368
2392 2390 2395
2392 2395 2393
2390 2396 2395
2369 2396 2391
2396 2390 2391
2395 2396 2397
2396 2369 2397
2398 2395 2397
2398 2397 2349
2351 2398 2349
2351 2354 2398
2354 2399 2398
2395 2400 2393
2394 2393 2400
2395 2398 2400
2398 2399 2400
2399 2401 2400
2401 2394 2400
2349 2397 2355
2397 2369 2355
2354 2402 2399
2402 2401 2399
2354 2353 2402
2353 2403 2402
2353 2404 2403
2353 2405 2404
2353 2352 2405
2352 2406 2405
2352 2350 2406
2350 2407 2406
2350 2356 2407
2356 2408 2407
2356 2357 2408
2357 2409 2408
2410 2409 2357
2359 2410 2357
2411 2410 2359
2361 2411 2359
2412 2411 2361
2407 2408 2413
2408 2414 2413
2415 2413 2414
2416 2413 2415
2417 2413 2416
2413 2417 2407
2409 2418 2408
2418 2414 2408
2414 2418 2419
2410 2420 2409
2420 2418 2409
2418 2420 2421
2418 2421 2419
2420 2422 2421
2411 2423 2410
2423 2420 2410
2423 2411 2412
2420 2423 2422
2422 2423 2424
2412 2424 2423
2365 2412 2361
2421 2425 2419
2426 2425 2421
2422 2426 2421
2426 2422 2427
2424 2427 2422
2417 2416 2428
2429 2417 2428
2417 2429 2406
2417 2406 2407
2429 2405 2406
2405 2429 2404
2430 2404 2429
2431 2430 2429
2429 2428 2431
2428 2432 2431
2433 2432 2428
2433 2428 2416
2433 2416 2415
2433 2415 2434
2434 2415 2435
2434 2435 2436
2437 2436 2435
2419 2437 2435
2425 2437 2419
2432 2438 2431
2438 2439 2431
2431 2439 2430
2438 2440 2439
2419 2435 2414
2415 2414 2435
2441 2375 2442
2375 2377 2442
2372 2375 2441
2371 2372 2441
2363 2441 2442
2371 2441 2363
2366 2363 2442
2443 2444 2445
2444 2446 2445
2444 2447 2446
2447 2448 2446
2449 2448 2447
2450 2449 2447
2451 2449 2450
2452 2451 2450
2453 2451 2452
2454 2453 2452
2454 2455 2453
2455 2456 2453
2443 2445 2457
2458 2443 2457
2458 2457 2459
2457 2460 2459
2450 2447 2381
2382 2450 2381
2452 2450 2382
2384 2452 2382
2454 2452 2384
2386 2454 2384
2455 2454 2386
2388 2455 2386
2376 2458 2459
2378 2376 2459
2376 2374 2458
2374 2443 2458
2374 2379 2443
2379 2444 2443
2379 2381 2444
2381 2447 2444
2461 2462 2463
2462 2464 2463
2464 2462 2465
2462 2466 2465
2466 2467 2465
2461 2463 2468
2463 2469 2468
2468 2469 2470
2471 2468 2470
2471 2470 2472
2473 2471 2472
2473 2472 2474
2475 2473 2474
2475 2474 2476
2475 2476 2477
2473 2475 2477
2476 2478 2477
2479 2473 2477
2471 2473 2479
2480 2471 2479
2468 2471 2480
2481 2468 2480
2480 2479 2482
2479 2483 2482
2479 2477 2483
2482 2483 2484
2485 2482 2484
2485 2484 2486
2484 2487 2486
2487 2488 2486
2487 2489 2488
2489 2490 2488
2491 2485 2486
2492 2485 2491
2493 2492 2491
2492 2493 2494
2495 2492 2494
2495 2494 2496
2497 2495 2496
2497 2496 2498
2499 2497 2498
2499 2498 2500
2501 2499 2500
2495 2502 2492
2502 2503 2492
2492 2503 2485
2503 2482 2485
2497 2504 2495
2504 2502 2495
2504 2497 2499
2505 2504 2499
2505 2499 2501
2506 2505 2501
2480 2482 2503
2481 2480 2503
2502 2507 2503
2507 2481 2503
2507 2502 2508
2502 2504 2508
2508 2504 2505
2509 2507 2508
2507 2509 2481
2510 2509 2508
2509 2510 2461
2510 2462 2461
2461 2468 2509
2468 2481 2509
2511 2508 2505
2511 2505 2506
2508 2511 2510
2512 2511 2506
2513 2511 2512
2511 2513 2510
2512 2467 2513
2467 2466 2513
2513 2466 2510
2466 2462 2510
2467 2514 2465
2465 2514 2515
2465 2515 2516
2464 2465 2516
2517 2464 2516
2463 2464 2517
2518 2463 2517
2469 2463 2518
2519 2469 2518
2470 2469 2519
2520 2470 2519
2470 2520 2521
2472 2470 2521
2472 2521 2522
2474 2472 2522
2519 2518 2523
2524 2519 2523
2520 2519 2525
2519 2524 2525
2525 2526 2520
2526 2521 2520
2517 2527 2518
2527 2523 2518
2527 2517 2528
2522 2521 2529
2521 2526 2529
2530 2522 2529
2474 2522 2530
2531 2474 2530
2529 2532 2530
2474 2531 2476
2526 2533 2529
2532 2529 2533
2533 2534 2532
2535 2523 2527
2535 2536 2523
2524 2523 2536
2537 2536 2535
2538 2524 2536
2539 2538 2536
2537 2539 2536
2527 2540 2535
2537 2535 2540
2540 2527 2528
2537 2540 2541
2540 2528 2542
2541 2540 2542
2541 2542 2543
2539 2544 2538
2538 2544 2545
2538 2545 2546
2546 2545 2547
2524 2538 2546
2546 2547 2548
2525 2546 2548
2546 2525 2524
2549 2543 2542
2549 2550 2543
2551 2549 2542
2551 2542 2528
2551 2528 2515
2516 2515 2528
2517 2516 2528
2525 2548 2526
2548 2547 2552
2548 2552 2533
2526 2548 2533
2534 2533 2552
2552 2553 2534
2554 2555 2487
2555 2489 2487
2554 2487 2484
2483 2554 2484
2554 2477 2555
2477 2554 2483
2477 2478 2555
2556 2557 2558
2557 2559 2558
2560 2557 2556
2561 2560 2556
2560 2561 2562
2563 2560 2562
2563 2562 2564
2565 2563 2564
2565 2564 2566
2567 2565 2566
2568 2567 2566
2569 2568 2566
2558 2559 2570
2559 2571 2570
2571 2572 2570
2572 2573 2570
2493 2560 2563
2494 2493 2563
2494 2563 2565
2496 2494 2565
2496 2565 2567
2498 2496 2567
2498 2567 2568
2500 2498 2568
2571 2488 2572
2488 2490 2572
2486 2488 2571
2559 2486 2571
2491 2486 2559
2557 2491 2559
2493 2491 2557
2560 2493 2557
2574 2084 2575
2084 2576 2575
2577 2575 2576
2578 2577 2576
2576 2084 2579
2578 2576 2579
2084 2088 2579
2579 2088 2090
2115 2579 2090
2115 2580 2579
2580 2578 2579
2115 2090 2092
2099 2115 2092
2083 2084 2574
2083 2574 2086
2115 2114 2580
2087 2061 2053
2177 2185 2209
2581 2582 2583
2581 2584 2582
2584 2585 2582
2584 2586 2585
2586 2587 2585
2588 2584 2581
2584 2588 2589
2586 2584 2589
2586 2589 2590
2590 2589 2591
2591 2592 2590
2593 2588 2581
2593 2581 2204
2581 2583 2204
2594 2588 2593
2595 2594 2593
2596 2594 2595
2597 2596 2595
2596 2597 2598
2598 2599 2596
2599 2600 2596
2594 2596 2600
2597 2601 2598
2222 2601 2597
2223 2222 2597
2598 2601 2602
2598 2602 2603
2598 2603 2599
2602 2604 2603
2603 2605 2599
2602 2606 2604
2601 2607 2602
2607 2606 2602
2606 2607 2230
2607 2231 2230
2222 2231 2601
2231 2607 2601
2232 2223 2597
2595 2232 2597
2213 2232 2595
2593 2213 2595
2603 2608 2605
2603 2604 2608
2604 2609 2608
2608 2610 2605
2608 2609 2610
2611 2610 2609
2611 2609 2612
2604 2613 2609
2612 2609 2613
2612 2614 2611
2606 2240 2613
2613 2241 2612
2614 2612 2241
2613 2240 2241
2242 2614 2241
2614 2242 2615
2242 2244 2615
2615 2244 2245
2616 2615 2245
2615 2616 2617
2618 2615 2617
2615 2618 2614
2618 2617 2619
2617 2620 2619
2619 2620 2621
2620 2622 2621
2620 2623 2622
2623 2624 2622
2617 2625 2620
2625 2623 2620
2616 2245 2256
2626 2616 2256
2616 2626 2617
2626 2625 2617
2627 2618 2619
2619 2628 2627
2621 2628 2619
2621 2629 2628
2624 2623 2630
2631 2624 2630
2626 2256 2632
2256 2257 2632
2257 2633 2632
2257 2634 2633
2633 2635 2632
2636 2626 2632
2626 2636 2625
2636 2632 2635
2636 2637 2625
2637 2636 2638
2639 2636 2635
2638 2636 2639
2637 2638 2640
2637 2640 2641
2625 2637 2641
2623 2625 2641
2630 2623 2641
2630 2642 2631
2634 2643 2633
2644 2634 2257
2255 2644 2257
2255 2645 2644
2645 2646 2644
2646 2647 2644
2255 2648 2645
2255 2253 2648
2253 2649 2648
2253 2254 2649
2254 2650 2649
2649 2651 2648
2190 2179 2203
2205 2203 2179
2179 2175 2205
2600 2652 2653
2654 2600 2653
2653 2652 2655
2654 2594 2600
2588 2594 2654
2589 2588 2654
2655 2652 2605
2605 2656 2655
2652 2599 2605
2599 2652 2600
2655 2656 2657
2605 2610 2656
2658 2656 2610
2657 2656 2658
2628 2657 2658
2658 2610 2611
2659 2658 2611
2659 2627 2658
2658 2627 2628
2657 2660 2655
2657 2629 2660
2657 2628 2629
2611 2614 2659
2618 2659 2614
2627 2659 2618
2661 2660 2629
2661 2662 2660
2662 2661 2663
2655 2660 2662
2655 2662 2664
2592 2664 2662
2592 2662 2663
2655 2664 2653
2664 2591 2653
2664 2592 2591
2591 2654 2653
2589 2654 2591
2150 2665 2666
2667 2666 2665
2665 2147 2667
2148 2665 2150
2147 2665 2146
2148 2146 2665
2150 2666 2668
2151 2150 2668
2669 2151 2668
2153 2151 2669
2670 2153 2669
2153 2670 2671
2670 2672 2671
2672 2673 2671
2674 2153 2671
2153 2674 2675
2152 2153 2675
2152 2675 2676
2675 2677 2676
2676 2678 2152
2138 2152 2678
2678 2679 2138
2679 2137 2138
2679 2680 2137
2679 2678 2681
2674 2682 2675
2606 2613 2604
2606 2230 2240
2202 2204 2583
2593 2204 2213
2157 2667 2147
2427 2683 2426
