byte offset: 0
first index: 0
index count: 13458
topology: trianglelist
format: DXGI_FORMAT_R16_UINT

0 1 2
1 0 3
0 4 3
4 0 5
6 3 4
3 6 7
6 8 7
8 6 9
9 10 8
10 9 11
11 12 10
13 11 9
9 14 13
14 9 15
15 9 6
14 16 13
17 13 16
16 18 17
18 19 17
17 19 20
20 21 17
21 13 17
11 13 21
20 22 21
22 11 21
23 18 16
16 14 24
24 23 16
23 24 25
26 11 22
26 12 11
12 26 27
28 29 30
29 28 31
31 32 29
32 31 33
34 30 29
32 34 29
30 34 35
34 32 36
36 37 34
37 35 34
37 36 38
38 39 37
39 40 37
35 37 40
40 39 41
42 41 39
41 42 43
42 44 43
44 42 45
45 46 44
46 45 47
47 48 46
48 47 49
49 50 48
50 49 51
51 52 50
52 51 53
54 49 47
49 54 55
56 49 55
49 56 51
57 51 56
51 57 53
58 45 42
45 58 59
59 47 45
47 59 54
42 60 58
60 42 39
39 38 60
61 48 50
48 61 62
63 62 61
62 63 64
65 64 63
64 65 66
64 67 62
67 64 68
66 68 64
68 66 69
61 70 63
70 61 71
68 72 67
72 68 73
69 73 68
73 74 72
74 73 75
76 75 73
73 69 76
75 76 77
77 78 75
78 77 79
80 78 79
78 80 81
82 81 80
81 82 83
83 84 81
84 83 85
86 83 82
83 86 87
87 85 83
75 88 74
88 75 78
81 88 78
88 81 84
89 87 86
87 89 90
90 91 87
85 87 91
91 90 92
85 40 84
40 85 35
91 35 85
84 41 88
41 84 40
41 74 88
74 41 43
43 72 74
72 43 44
44 67 72
67 44 46
46 62 67
62 46 48
92 30 91
35 91 30
30 92 28
93 28 92
28 93 94
95 94 93
93 96 95
96 93 97
97 98 96
98 97 99
94 95 100
100 101 94
101 100 102
102 103 101
103 102 104
33 101 103
103 105 33
106 33 105
107 106 105
106 107 108
109 106 108
106 109 110
111 110 109
110 111 112
111 113 112
113 111 114
114 115 113
115 114 116
38 110 112
110 38 36
36 106 110
38 112 117
117 112 113
113 118 117
118 113 115
115 119 118
119 115 120
116 120 115
120 121 119
121 120 122
123 122 120
120 116 123
122 123 124
125 122 124
122 125 126
126 121 122
127 126 125
126 127 128
129 128 127
128 129 130
121 126 131
128 131 126
131 128 132
130 132 128
132 130 133
133 134 132
121 135 119
135 118 119
118 135 136
137 136 135
138 137 135
137 138 139
54 137 139
137 54 59
59 140 137
136 137 140
140 59 58
60 140 58
140 60 117
117 136 140
117 118 136
141 54 139
54 141 55
142 55 141
55 142 56
142 57 56
57 142 133
141 134 142
142 134 133
134 141 143
139 143 141
143 139 138
38 117 60
143 132 134
132 143 131
138 131 143
131 138 121
135 121 138
144 145 146
145 144 147
146 148 144
148 146 149
150 148 149
148 150 151
152 151 150
151 152 153
154 145 147
155 152 150
152 155 156
157 156 155
156 157 158
159 158 157
158 159 160
161 160 159
160 161 162
157 163 159
163 157 164
155 164 157
164 165 163
165 164 166
164 155 167
167 166 164
166 167 168
168 169 166
166 170 165
170 166 171
166 169 171
171 172 170
172 171 173
162 174 160
174 175 160
176 160 175
175 174 177
178 170 172
170 178 179
179 165 170
165 179 180
181 177 174
174 182 181
183 181 182
181 183 184
184 185 181
177 181 185
185 184 186
186 187 185
187 186 188
188 189 187
189 188 190
191 187 189
187 191 192
185 192 177
192 185 187
189 193 191
194 191 193
191 194 195
195 192 191
196 195 194
195 196 197
197 176 195
192 195 176
176 197 198
193 189 199
188 186 200
200 201 188
202 197 196
197 202 203
203 198 197
204 203 202
203 204 205
205 206 203
198 203 206
206 205 207
208 201 200
209 208 200
208 209 210
200 211 209
212 209 211
209 212 213
214 212 211
184 214 211
211 186 184
215 214 184
184 183 215
216 214 215
214 216 217
218 217 216
217 218 219
219 220 217
220 221 217
222 219 218
219 222 223
224 219 223
219 224 225
225 220 219
226 225 224
225 226 227
227 228 225
225 228 220
228 221 220
228 227 229
230 229 227
230 231 229
231 230 232
233 232 230
232 233 234
235 233 230
229 236 228
236 229 231
221 228 236
222 237 223
223 237 238
238 226 224
223 238 224
235 230 239
230 227 239
227 226 239
240 235 239
241 240 239
239 226 241
242 240 241
231 243 236
244 236 243
243 245 244
245 243 246
247 245 246
246 248 247
248 246 249
249 250 248
250 249 251
251 252 250
252 251 253
254 247 248
247 254 255
256 255 254
254 257 256
257 254 258
248 258 254
258 248 250
252 258 250
255 256 259
245 247 260
255 260 247
261 256 257
257 262 261
263 261 262
261 263 264
264 265 261
256 261 265
265 259 256
265 264 266
262 257 267
258 252 268
257 268 267
268 257 258
259 265 269
266 269 265
269 201 259
201 269 270
271 270 269
269 266 271
270 271 272
272 190 270
190 272 273
273 189 190
189 273 199
188 270 190
270 188 201
274 199 273
199 274 275
274 276 275
276 274 277
274 278 277
278 274 279
279 273 272
273 279 274
279 280 278
280 279 281
281 272 271
272 281 279
281 282 280
282 281 283
283 284 282
284 283 285
285 286 284
286 285 287
276 288 275
288 276 289
289 290 288
290 289 291
291 292 290
292 291 293
294 292 293
292 294 295
296 295 294
295 296 297
297 202 295
202 297 204
196 295 202
295 196 292
194 292 196
292 194 290
290 193 288
193 290 194
193 275 288
275 193 199
294 298 296
298 294 299
299 300 298
300 299 301
302 301 299
294 302 299
301 302 303
302 304 303
304 302 305
305 306 304
306 305 307
307 308 306
308 307 309
310 306 308
311 310 308
311 308 309
306 310 312
312 304 306
304 312 313
313 303 304
303 313 314
314 301 303
301 314 315
316 300 301
315 316 301
300 316 317
291 307 305
305 293 291
307 291 289
289 309 307
309 289 276
277 309 276
311 309 277
278 311 277
311 278 318
278 319 318
319 278 280
280 320 319
320 280 282
282 321 320
321 282 284
284 322 321
322 284 286
323 320 321
320 323 324
324 319 320
319 324 325
325 318 319
318 325 326
327 321 322
327 323 321
325 328 326
328 329 326
329 328 330
328 331 330
331 328 332
333 332 328
328 325 333
332 333 334
335 334 333
325 335 333
335 325 324
334 335 336
337 336 335
324 337 335
337 324 323
327 337 323
336 337 338
339 338 337
337 327 339
338 339 340
341 330 331
330 341 342
342 329 330
343 342 341
342 343 344
345 344 343
344 345 346
347 346 345
346 347 348
349 348 347
348 349 350
347 351 349
351 347 352
345 352 347
352 345 353
343 353 345
353 343 354
341 354 343
354 341 355
331 355 341
355 331 356
332 356 331
356 332 357
334 357 332
357 334 358
336 358 334
358 336 359
336 360 359
360 336 338
338 361 360
361 338 340
362 360 361
360 362 363
364 360 363
360 364 359
365 359 364
359 365 358
366 358 365
358 366 357
367 357 366
357 367 356
368 356 367
356 368 355
362 369 363
369 362 370
371 369 370
369 371 372
373 369 372
369 373 374
374 363 369
363 374 364
375 374 373
374 375 376
376 364 374
364 376 365
377 376 375
376 377 378
378 365 376
365 378 366
379 378 377
378 379 380
368 367 380
381 380 379
380 381 368
371 382 372
382 371 383
384 372 382
372 384 373
385 373 384
373 385 375
386 375 385
375 386 377
387 377 386
377 387 379
388 379 387
379 388 381
383 389 382
389 383 390
391 382 389
382 391 384
392 384 391
384 392 385
393 385 392
385 393 386
394 386 393
386 394 387
395 387 394
387 395 388
396 388 395
388 396 397
398 397 396
397 398 399
400 399 398
399 400 401
402 401 400
401 402 403
399 354 397
354 399 353
401 353 399
353 401 352
403 352 401
352 403 351
368 397 354
397 368 381
354 355 368
404 351 403
351 404 405
406 405 404
404 407 406
407 404 408
408 403 402
403 408 404
405 406 409
409 410 405
410 409 411
411 412 410
412 411 413
350 410 412
410 350 349
405 349 351
349 405 410
413 414 412
414 413 415
415 416 414
416 415 417
418 414 416
414 418 419
419 412 414
412 419 350
420 419 418
419 420 421
421 350 419
422 421 420
421 422 423
424 423 422
423 424 425
426 425 424
425 426 427
417 428 416
428 417 429
317 428 429
428 317 316
316 430 428
430 316 315
315 431 430
431 315 314
314 432 431
432 314 313
313 433 432
433 313 312
312 434 433
435 426 434
434 312 310
435 434 310
430 416 428
416 430 418
431 418 430
418 431 420
432 420 431
420 432 422
433 422 432
422 433 424
434 424 433
424 434 426
329 426 435
435 326 329
326 435 318
318 435 311
435 310 311
329 427 426
329 342 427
344 427 342
427 344 425
346 425 344
425 346 423
348 423 346
423 348 421
350 421 348
436 168 146
168 149 146
149 168 167
167 150 149
150 167 155
168 436 169
437 169 436
436 146 145
437 436 438
438 439 437
439 171 437
171 169 437
171 439 173
439 438 440
441 440 438
436 441 438
442 440 441
443 442 441
443 444 442
443 445 444
445 443 446
446 447 445
447 446 448
446 449 448
449 446 450
443 450 446
450 451 449
451 450 452
450 443 453
453 452 450
453 443 454
454 443 441
452 453 455
453 154 455
154 453 456
453 454 456
456 454 436
454 441 436
456 145 154
456 436 145
457 458 238
459 458 457
460 458 459
238 237 457
238 458 226
226 458 241
241 458 461
460 461 458
462 461 460
461 462 242
242 241 461
462 463 242
464 242 463
463 465 464
466 464 465
465 467 466
467 465 468
469 466 467
466 469 470
471 468 465
465 463 471
468 471 472
473 472 471
472 473 474
470 475 466
464 466 475
475 240 464
242 464 240
240 475 476
477 476 475
475 470 477
476 477 478
471 479 473
479 471 463
476 235 240
476 480 235
478 480 476
480 233 235
463 462 479
477 481 478
478 481 480
481 477 482
482 483 481
483 482 484
470 482 477
482 470 485
485 484 482
469 485 470
485 469 486
486 487 485
484 485 487
487 486 488
488 489 487
489 488 490
490 491 489
491 490 492
487 493 484
493 487 489
484 493 494
494 483 484
495 494 493
496 494 495
494 497 483
494 496 497
497 498 483
483 498 499
499 498 500
499 500 233
501 233 500
500 502 501
502 500 503
233 501 234
500 504 503
500 498 504
503 505 502
505 503 506
504 506 503
506 504 507
508 507 504
498 497 508
504 498 508
507 508 509
509 510 507
510 509 511
512 510 511
510 512 513
513 514 510
514 513 515
510 514 516
507 516 506
507 510 516
516 514 517
517 506 516
506 517 505
515 518 514
518 515 519
519 520 518
520 519 521
521 522 520
522 521 523
524 520 522
520 524 525
526 525 524
525 526 527
528 527 526
527 528 529
526 530 528
530 526 531
524 531 526
532 528 530
530 533 532
533 530 534
531 534 530
534 535 533
535 534 536
537 536 534
534 531 537
536 537 538
528 532 539
527 540 525
540 527 541
536 542 535
542 536 543
538 543 536
543 544 542
544 543 545
546 545 543
543 538 546
545 546 547
548 540 541
548 549 540
549 548 550
551 540 549
549 552 551
552 549 553
552 518 551
520 551 518
551 520 525
518 552 554
514 518 554
540 551 525
555 550 548
546 556 547
556 546 557
557 558 556
558 557 559
559 560 558
560 559 561
562 560 561
560 562 563
564 563 562
563 564 565
566 565 564
557 567 559
567 557 568
568 569 567
569 568 570
570 571 569
571 570 572
572 573 571
573 572 574
575 569 571
569 575 576
576 567 569
577 576 575
576 577 578
567 576 579
578 579 576
579 578 580
580 578 581
582 578 577
578 582 583
578 583 581
584 583 582
583 584 585
574 572 586
587 586 572
537 587 572
586 587 588
582 589 584
589 582 590
577 590 582
590 577 591
588 522 586
523 586 522
586 523 574
522 588 524
531 524 588
587 531 588
537 531 587
583 585 592
572 570 537
570 538 537
538 570 568
568 546 538
546 568 557
592 593 583
594 593 592
592 595 594
596 594 595
597 596 595
598 596 597
598 597 599
600 598 599
598 600 601
602 601 600
601 602 603
604 601 603
601 604 605
605 598 601
606 605 604
605 606 607
598 605 608
607 608 605
608 609 598
609 596 598
608 607 610
566 608 610
608 566 611
608 611 609
611 612 609
609 612 596
611 566 564
611 564 612
612 564 562
612 562 580
561 580 562
580 561 579
559 579 561
579 559 567
580 581 612
593 612 581
593 594 612
612 594 596
583 593 581
613 63 70
63 613 65
614 249 615
249 614 251
614 253 251
253 614 616
246 615 249
615 246 243
243 231 615
232 615 231
615 232 614
232 616 614
616 232 234
617 253 616
253 617 618
618 252 253
252 618 619
620 619 618
617 620 618
619 620 621
622 621 620
621 622 623
623 624 621
624 623 555
555 625 624
626 624 625
624 626 627
621 627 619
627 621 624
627 252 619
625 555 628
629 623 622
630 629 622
629 630 631
623 629 632
632 555 623
625 633 626
262 626 633
633 263 262
263 633 634
635 634 633
633 625 635
628 635 625
634 635 636
626 262 267
268 626 267
626 268 627
252 627 268
635 628 637
637 636 635
541 637 628
637 541 638
638 639 637
636 637 639
639 638 640
529 640 638
640 529 641
528 641 529
641 528 539
638 527 529
527 638 541
539 642 641
642 539 643
644 642 643
642 644 645
646 642 645
642 646 647
647 641 642
641 647 640
648 647 646
647 648 649
649 640 647
640 649 639
650 649 648
649 650 651
652 651 650
651 652 653
286 653 652
653 286 287
654 644 643
644 654 655
656 655 654
655 656 657
658 657 656
657 658 659
658 660 659
660 658 661
661 662 660
662 661 663
542 663 661
663 542 544
661 535 542
535 661 658
658 533 535
533 658 656
532 656 654
656 532 533
643 532 654
532 643 539
664 660 662
660 664 665
666 665 664
665 666 667
667 668 665
668 660 665
668 667 669
670 668 669
668 670 671
672 671 670
671 672 673
674 673 672
673 674 675
672 676 674
677 674 676
677 675 674
676 672 678
670 678 672
678 670 679
669 679 670
679 669 680
667 680 669
680 667 681
666 682 667
681 667 682
671 659 668
660 668 659
659 671 657
673 657 671
657 673 655
675 655 673
655 675 644
645 644 675
677 645 675
677 646 645
646 677 683
684 646 683
646 684 648
685 648 684
648 685 650
686 650 685
650 686 652
322 652 686
652 322 286
685 687 686
687 685 688
684 688 685
688 684 689
683 689 684
689 683 690
691 322 686
691 686 687
692 689 690
693 692 690
692 693 694
695 692 694
692 695 696
696 697 692
689 692 697
697 696 698
698 699 697
689 699 688
699 689 697
699 698 700
700 701 699
688 701 687
701 688 699
701 691 687
701 700 702
702 703 701
691 701 703
703 702 704
694 705 695
705 694 706
693 706 694
706 707 705
707 706 708
708 709 707
709 708 710
710 711 709
711 710 712
712 713 711
713 712 714
715 711 713
711 715 716
716 709 711
709 716 717
717 707 709
707 717 718
718 705 707
705 718 719
719 695 705
695 719 720
720 696 695
696 720 721
721 698 696
698 721 722
722 700 698
700 722 723
724 700 723
700 724 702
725 702 724
702 725 704
724 726 725
726 724 727
724 728 727
728 724 723
723 729 728
729 723 722
722 730 729
730 722 721
721 731 730
731 721 720
720 732 731
732 720 719
733 726 727
726 733 734
733 735 734
735 733 736
733 737 736
737 733 738
727 738 733
738 727 728
738 739 737
739 738 740
728 740 738
740 728 729
740 741 739
741 740 742
729 742 740
742 729 730
742 743 741
743 742 744
732 744 731
744 745 743
745 744 732
746 735 736
735 746 747
736 748 746
748 736 737
737 749 748
749 737 739
739 750 749
750 739 741
741 751 750
751 741 743
743 752 751
752 743 745
753 747 746
747 753 754
746 755 753
755 746 748
748 756 755
756 748 749
749 757 756
757 749 750
750 758 757
758 750 751
751 759 758
759 751 752
752 760 759
760 752 761
761 762 760
762 761 763
763 764 762
764 763 765
765 766 764
766 765 767
718 763 761
763 718 717
717 765 763
765 717 716
716 767 765
767 716 715
761 732 718
732 761 745
718 732 719
715 768 767
768 715 769
769 770 768
771 768 770
768 771 772
767 772 766
772 767 768
770 769 773
774 773 769
773 774 775
776 775 774
775 776 777
774 714 776
714 774 713
713 769 715
769 713 774
778 777 776
777 778 779
780 779 778
779 780 781
778 782 780
782 778 783
776 783 778
783 776 714
783 784 782
784 783 785
714 785 783
785 786 784
786 785 787
787 788 786
788 787 789
789 790 788
790 789 791
792 781 780
781 792 793
792 794 793
794 792 682
682 666 794
795 682 792
682 795 681
796 681 795
681 796 680
797 680 796
680 797 679
798 679 797
679 798 678
799 678 798
800 799 790
678 799 676
800 676 799
782 796 795
795 780 782
780 795 792
796 782 784
784 797 796
797 784 786
786 798 797
798 786 788
788 799 798
799 788 790
693 800 790
690 800 693
800 690 683
683 677 800
800 677 676
693 790 791
706 693 791
791 708 706
708 791 789
789 710 708
710 789 787
787 712 710
712 787 785
785 714 712
801 802 803
803 804 801
801 804 805
806 8 10
8 806 807
807 7 8
7 807 808
808 3 7
3 808 1
809 810 811
811 810 812
813 809 811
814 809 813
813 815 814
813 816 815
817 816 813
818 816 817
817 819 818
820 821 822
821 820 823
823 820 824
824 820 825
825 820 826
820 822 826
823 827 821
828 821 827
822 821 828
829 827 823
829 830 827
827 830 831
830 832 831
831 832 833
832 828 833
828 827 833
833 827 831
834 826 822
834 825 826
835 825 834
237 222 836
180 163 165
163 180 837
837 159 163
159 837 161
2 838 0
838 2 839
838 5 0
5 838 840
217 841 214
212 214 841
217 221 841
212 841 221
244 212 221
212 244 213
245 213 244
213 245 260
260 209 213
209 260 210
260 255 210
255 208 210
255 259 208
259 201 208
236 244 221
71 61 50
52 71 50
182 174 162
211 200 186
842 843 844
843 842 845
846 843 845
842 105 845
105 842 107
105 103 845
846 845 103
846 103 104
175 177 192
176 175 192
198 158 176
158 198 156
206 156 198
156 206 152
206 153 152
153 206 207
160 176 158
33 106 32
106 36 32
101 33 31
31 94 101
94 31 28
271 283 281
283 271 266
266 285 283
285 266 264
264 287 285
287 264 263
634 287 263
287 634 653
636 653 634
653 636 651
639 651 636
651 639 649
847 848 849
850 847 849
849 851 850
852 851 849
849 853 852
854 853 849
855 854 849
849 856 855
849 857 856
849 848 858
858 859 849
849 859 857
860 861 862
860 862 863
860 863 864
860 864 865
860 865 866
860 866 867
860 867 868
860 868 869
860 869 870
860 870 871
860 871 872
860 872 861
861 873 862
874 873 861
873 875 862
862 875 863
875 876 863
863 876 864
876 877 864
864 877 865
877 878 865
865 878 866
866 878 867
867 878 879
867 879 868
868 879 880
868 880 869
869 880 881
869 881 870
870 881 882
870 882 871
871 882 883
871 883 872
872 883 884
872 884 861
861 884 874
92 97 93
97 92 90
90 99 97
99 90 89
380 366 378
366 380 367
327 885 339
885 327 886
887 339 885
339 887 340
887 361 340
361 887 888
888 362 361
362 888 889
889 370 362
370 889 890
891 370 890
370 891 371
892 371 891
371 892 383
892 390 383
390 892 893
887 725 888
725 887 704
887 703 704
888 726 889
726 888 725
889 734 890
734 889 726
734 891 890
891 734 735
735 892 891
892 735 747
892 754 893
754 892 747
885 691 703
691 885 886
703 887 885
691 886 322
327 322 886
302 294 293
293 305 302
894 895 896
897 894 896
894 898 895
895 898 899
898 900 899
901 899 900
900 902 901
902 900 903
902 904 901
904 902 905
899 901 906
906 895 899
907 901 904
901 907 906
908 906 907
906 908 909
895 906 909
900 898 910
900 910 903
903 910 911
903 912 902
912 905 902
912 903 913
911 913 903
905 912 914
913 911 915
904 916 907
908 907 916
908 916 917
918 908 917
919 918 917
920 917 916
920 921 917
917 921 919
922 911 910
923 911 922
911 923 924
925 922 910
922 925 926
922 926 923
925 927 926
927 925 928
929 919 921
930 929 921
919 929 931
928 932 927
932 933 927
926 927 933
926 933 934
923 926 934
933 932 935
936 933 935
933 936 937
937 934 933
938 934 937
932 928 939
940 928 925
940 939 928
940 941 939
897 941 940
941 897 942
940 894 897
940 943 894
940 925 943
910 943 925
943 910 898
894 943 898
897 944 942
944 897 945
896 945 897
945 896 946
895 946 896
946 895 947
909 947 895
947 909 948
908 948 909
948 908 949
908 950 949
950 908 918
918 951 950
951 918 919
919 952 951
952 919 931
953 951 952
951 953 954
954 950 951
950 954 955
955 949 950
949 955 956
956 948 949
948 956 957
948 958 947
958 948 957
959 947 958
947 959 946
960 946 959
946 960 945
961 945 960
945 961 944
962 912 963
912 964 963
963 965 962
963 966 965
963 967 966
963 964 967
966 968 965
967 968 966
965 968 969
967 970 968
970 967 971
964 971 967
972 970 971
970 972 973
972 974 973
974 972 975
970 973 976
976 969 968
970 976 968
977 969 976
976 978 977
978 976 979
973 979 976
979 973 974
978 980 977
980 969 977
980 978 981
969 980 982
969 982 965
983 975 972
972 971 983
983 971 984
984 985 983
985 986 983
975 983 986
986 985 987
924 987 985
987 924 988
985 911 924
915 985 984
915 911 985
964 915 984
913 915 964
912 913 964
981 989 980
982 980 989
984 971 964
924 990 988
923 990 924
923 934 990
991 992 989
992 991 993
993 994 992
995 992 994
994 993 996
989 992 997
997 992 995
997 995 962
997 962 982
982 989 997
962 995 914
962 914 912
995 994 998
998 914 995
998 994 999
999 994 1000
1000 994 996
1001 999 1000
998 905 914
998 999 1002
905 998 1002
1003 1002 999
1004 1003 999
1001 1004 999
1005 1003 1004
1003 1005 1006
921 1003 1006
905 1002 904
916 904 1002
1007 1006 1005
1008 1007 1005
1004 1008 1005
1004 1001 1008
1007 1008 1009
1008 1010 1009
1010 1008 1011
1001 1011 1008
1012 1011 1001
1006 1007 930
930 921 1006
920 1002 1003
1002 920 916
921 920 1003
989 981 991
982 962 965
1013 1014 1015
1014 1013 1016
1013 1017 1016
1017 1013 1018
1019 1015 1014
1015 1019 1020
1021 1020 1019
1020 1021 1022
1023 1022 1021
1022 1023 1024
1024 1023 1025
1018 1026 1017
1026 1018 1027
1028 1029 1030
1029 1028 1031
1030 1032 1028
1033 1034 1035
1034 1033 1036
1037 1038 1039
1038 1037 1040
1040 1041 1038
1041 1040 1042
1043 1037 1039
1037 1043 1044
1045 1044 1043
1044 1045 1046
1047 1046 1045
1046 1047 1048
1049 1048 1047
1048 1049 1050
1051 1050 1049
1050 1051 1052
1051 1053 1052
1053 1051 1054
1054 1055 1053
1055 1054 1056
1045 1057 1047
1057 1045 1058
1043 1058 1045
1049 1059 1051
1051 1059 1060
1051 1060 1054
1059 1049 1061
1047 1061 1049
1061 1047 1057
1054 1062 1056
1062 1063 1056
1064 1061 1057
1061 1064 1065
1066 1063 1062
1063 1066 1067
1062 1068 1066
1068 1062 1069
1054 1060 1069
1069 1062 1054
1069 1070 1068
1070 1069 1060
1059 1070 1060
1061 1071 1059
1071 1061 1065
1070 1059 1071
1072 1057 1058
1057 1072 1064
1058 1073 1072
1073 1058 1074
1075 1073 1074
1074 1039 1075
1039 1074 1043
1058 1043 1074
1038 1075 1039
1075 1038 1076
1038 1077 1076
1077 1038 1041
1073 1075 1078
1076 1078 1075
1078 1076 1079
1080 1076 1077
1076 1080 1079
1081 1082 1083
1082 1081 1084
1084 1085 1082
1085 1084 1086
1087 1081 1083
1081 1087 1088
1086 1089 1085
1089 1086 1090
1091 1088 1087
1088 1091 1092
1092 1093 1088
1094 1088 1093
1094 1081 1088
1093 1092 1095
1096 1092 1091
1092 1096 1097
1097 1095 1092
1098 1086 1084
1086 1098 1099
1099 1090 1086
1100 1099 1098
1099 1100 1101
1101 1102 1099
1090 1099 1102
1102 1101 1103
1104 1101 1100
1101 1104 1105
1106 1105 1104
1107 1102 1103
1102 1107 1108
1109 1108 1107
1108 1109 1110
1109 1111 1110
1111 1109 1112
1103 1113 1107
1113 1103 1114
1115 1101 1105
1103 1115 1114
1103 1101 1115
1105 1116 1115
1116 1105 1117
1117 1105 1106
1118 1117 1106
1117 1118 1119
1120 1107 1113
1107 1120 1109
1121 1111 1112
1111 1121 1122
1123 1122 1121
1122 1123 1124
1121 1125 1123
1125 1121 1126
1127 1121 1112
1121 1127 1126
1127 1128 1126
1128 1129 1126
1129 1125 1126
1129 1128 1130
1128 1127 1131
1132 1131 1127
1131 1132 1133
1132 1134 1133
1135 1128 1131
1133 1135 1131
1128 1135 1136
1135 1137 1136
1138 1136 1137
1136 1138 1139
1128 1139 1130
1139 1128 1136
1137 1135 1140
1140 1141 1137
1141 1142 1137
1142 1138 1137
1142 1141 1143
1141 1140 1144
1145 1140 1135
1135 1133 1145
1133 1146 1145
1146 1133 1147
1133 1134 1147
1148 1145 1146
1145 1148 1149
1140 1145 1149
1150 1140 1149
1140 1150 1144
1151 1143 1141
1144 1151 1141
1143 1151 1152
1153 1150 1149
1153 1149 1148
1150 1153 1154
1155 1150 1154
1150 1155 1156
1152 1151 1157
1158 1157 1151
1151 1144 1158
1158 1150 1156
1150 1158 1144
1157 1158 1159
1160 1158 1156
1158 1160 1159
1156 1155 1160
1161 1162 1163
1162 1161 1164
1164 1165 1162
1165 1164 1166
1167 1161 1163
1161 1167 1168
1169 1165 1166
1165 1169 1170
1089 1168 1167
1168 1089 1090
1090 1108 1168
1108 1090 1102
1110 1164 1161
1110 1168 1108
1168 1110 1161
1164 1110 1111
1122 1164 1111
1164 1122 1166
1124 1166 1122
1166 1124 1169
1171 1172 1173
1172 1171 1174
1175 1172 1174
1172 1175 1176
1175 1177 1176
1177 1175 1178
1179 1177 1178
1177 1179 1180
1178 1181 1179
1181 1178 1182
1183 1181 1182
1181 1183 1184
1185 1184 1183
1184 1185 1186
1171 1187 1174
1188 1180 1179
1180 1188 1189
1188 1190 1189
1190 1188 1191
1191 1192 1190
1192 1191 1193
1194 1191 1188
1184 1194 1181
1194 1179 1181
1179 1194 1188
1191 1194 1195
1195 1193 1191
1194 1196 1195
1196 1194 1197
1186 1197 1184
1194 1184 1197
1197 1198 1196
1198 1199 1196
1199 1195 1196
1199 1198 1200
1198 1197 1201
1197 1186 1201
1193 1195 1202
1195 1199 1202
1200 1203 1199
1203 1202 1199
1202 1203 1204
1202 1205 1193
1205 1202 1204
1205 1192 1193
1206 1192 1205
1204 1206 1205
1206 1207 1192
1207 1206 1208
1209 1208 1206
1206 1204 1209
1208 1209 1210
1209 1211 1210
1211 1209 1212
1212 1204 1203
1204 1212 1209
1200 1212 1203
1212 1213 1211
1213 1212 1200
1213 1214 1211
1214 1213 1215
1216 1211 1214
1211 1216 1210
1216 1208 1210
1208 1217 1207
1217 1208 1218
1208 1216 1218
1214 1219 1216
1219 1218 1216
1219 1214 1220
1218 1219 1221
1222 1218 1221
1218 1222 1217
1223 1219 1220
1224 1223 1220
1214 1224 1220
1224 1214 1215
1219 1223 1225
1226 1225 1223
1219 1227 1221
1227 1219 1225
1226 1227 1225
1227 1222 1221
1228 1223 1224
1226 1223 1228
1226 1229 1227
1229 1222 1227
1230 1231 1232
1231 1230 1233
1232 1234 1230
1232 1235 1234
1236 1234 1235
1237 1236 1235
1232 1237 1235
1236 1237 1238
1234 1236 1239
1239 1236 1240
1241 1239 1240
1239 1241 1242
1242 1234 1239
1238 1243 1236
1243 1238 1244
1245 1244 1238
1237 1246 1238
1246 1245 1238
1246 1237 1247
1247 1248 1246
1249 1246 1248
1246 1249 1250
1245 1246 1250
1248 1247 1251
1252 1247 1237
1247 1252 1253
1253 1251 1247
1248 1254 1249
1254 1248 1255
1251 1255 1248
1255 1256 1254
1256 1255 1257
1258 1256 1257
1256 1258 1259
1260 1257 1255
1255 1251 1260
1257 1260 1261
1262 1257 1261
1257 1262 1258
1251 1263 1260
1263 1251 1264
1251 1253 1264
1264 1265 1263
1265 1264 1266
1253 1266 1264
1266 1253 1267
1268 1263 1265
1263 1268 1269
1269 1262 1261
1260 1269 1261
1269 1260 1263
1262 1269 1270
1268 1270 1269
1271 1259 1258
1259 1271 1272
1270 1268 1273
1274 1272 1271
1271 1275 1274
1275 1271 1276
1270 1276 1262
1276 1277 1275
1277 1276 1278
1273 1278 1270
1276 1270 1278
1278 1279 1277
1278 1273 1279
1258 1276 1271
1276 1258 1262
1253 1280 1267
1280 1253 1252
1252 1281 1280
1232 1281 1252
1237 1232 1252
1281 1232 1282
1283 1282 1232
1231 1283 1232
1283 1231 1284
1231 1285 1284
1285 1231 1286
1287 1285 1286
1285 1287 1288
1286 1289 1287
1289 1286 1290
1289 1291 1287
1291 1289 1292
1292 1293 1291
1293 1294 1291
1294 1293 1295
1293 1292 1296
1297 1292 1289
1292 1297 1298
1297 1299 1298
1299 1297 1300
1297 1301 1300
1301 1297 1302
1302 1289 1290
1289 1302 1297
1292 1303 1296
1303 1292 1298
1304 1303 1298
1298 1299 1304
1303 1304 1305
1305 1306 1303
1306 1296 1303
1306 1305 1307
1308 1293 1296
1296 1306 1308
1293 1308 1309
1295 1309 1310
1309 1295 1293
1311 1310 1309
1310 1311 1312
1311 1313 1312
1314 1313 1311
1309 1314 1311
1314 1309 1308
1313 1314 1315
1314 1316 1315
1316 1314 1317
1307 1317 1306
1317 1308 1306
1308 1317 1314
1317 1318 1316
1317 1307 1318
1319 1320 1321
1320 1319 1322
1323 1320 1322
1320 1323 1324
1321 1325 1319
1325 1321 1326
1327 1324 1323
1324 1327 1104
1320 1328 1321
1328 1320 1329
1324 1329 1320
1324 1100 1329
1324 1104 1100
1321 1330 1326
1330 1321 1328
1328 1331 1330
1332 1330 1331
1330 1332 1333
1331 1328 1094
1329 1094 1328
1098 1329 1100
1329 1098 1334
1094 1329 1334
1084 1334 1098
1334 1084 1081
1081 1094 1334
1326 1335 1325
1336 1325 1335
1325 1336 1337
1338 1325 1337
1339 1338 1337
1338 1339 1340
1340 1341 1338
1341 1340 1342
1325 1338 1319
1338 1341 1319
1341 1322 1319
1322 1341 1343
1342 1343 1341
1344 1322 1343
1322 1344 1323
1344 1345 1323
1345 1344 1346
1343 1342 1347
1343 1348 1344
1348 1343 1347
1344 1348 1346
1349 1337 1336
1350 1349 1336
1349 1350 1185
1345 1327 1323
1327 1345 1351
1352 1327 1351
1327 1352 1106
1351 1353 1352
1352 1353 1354
1353 1351 1355
1345 1355 1351
1355 1345 1356
1345 1346 1356
1352 1118 1106
1118 1352 1354
1335 1350 1336
1350 1335 1357
1358 1357 1335
1357 1358 1359
1360 1359 1358
1359 1360 1361
1362 1359 1361
1359 1362 1363
1359 1363 1357
1361 1364 1362
1364 1361 1365
1365 1366 1364
1366 1365 1367
1365 1368 1367
1368 1365 1369
1367 1370 1366
1370 1367 1371
1371 1372 1370
1372 1371 1373
1374 1373 1371
1373 1374 1375
1374 1376 1375
1376 1374 1377
1377 1378 1376
1378 1377 1379
1380 1377 1374
1371 1380 1374
1380 1371 1367
1368 1380 1367
1377 1380 1381
1381 1379 1377
1382 1368 1369
1332 1382 1369
1369 1333 1332
1333 1369 1365
1361 1333 1365
1333 1361 1360
1382 1332 1383
1383 1384 1382
1385 1382 1384
1382 1385 1386
1386 1381 1380
1381 1386 1385
1384 1383 1387
1388 1387 1383
1387 1388 1389
1390 1381 1385
1387 1390 1384
1390 1385 1384
1390 1387 1391
1389 1391 1387
1391 1389 1392
1389 1393 1392
1393 1389 1095
1388 1095 1389
1095 1097 1393
1383 1331 1388
1331 1383 1332
1095 1388 1093
1388 1094 1093
1094 1388 1331
1368 1382 1386
1380 1368 1386
1390 1379 1381
1394 1395 1187
1395 1394 1396
1187 1171 1394
1396 1397 1395
1397 1346 1395
1346 1397 1398
1397 1396 1399
1171 1400 1394
1400 1396 1394
1400 1171 1401
1402 1400 1401
1400 1402 1403
1404 1400 1403
1400 1404 1405
1396 1400 1405
1405 1399 1396
1406 1405 1404
1405 1406 1407
1399 1405 1407
1408 1403 1402
1403 1408 1409
1409 1404 1403
1404 1409 1410
1410 1406 1404
1410 1411 1406
1401 1412 1402
1408 1402 1412
1408 1412 1413
1412 1401 1414
1413 1415 1408
1415 1409 1408
1409 1415 1416
1416 1410 1409
1410 1416 1417
1417 1411 1410
1418 1411 1417
1416 1418 1417
1418 1419 1411
1419 1418 1420
1420 1421 1419
1421 1420 1422
1422 1423 1421
1423 1422 1424
1422 1425 1424
1425 1422 1426
1427 1425 1426
1425 1427 1428
1427 1429 1428
1429 1427 1430
1431 1430 1427
1430 1431 1432
1433 1427 1426
1427 1433 1431
1433 1422 1420
1422 1433 1426
1434 1420 1418
1420 1434 1433
1434 1431 1433
1428 1435 1425
1435 1424 1425
1435 1428 1436
1424 1435 1437
1424 1438 1423
1438 1424 1437
1439 1435 1436
1439 1436 1440
1440 1428 1429
1428 1440 1436
1435 1439 1441
1439 1442 1441
1443 1435 1441
1435 1443 1437
1442 1443 1441
1437 1443 1438
1431 1434 1444
1432 1444 1413
1439 1440 1445
1445 1442 1439
1442 1446 1443
1438 1443 1446
1413 1444 1415
1444 1416 1415
1416 1444 1434
1418 1416 1434
1444 1432 1431
1447 1448 1449
1448 1447 1450
1450 1451 1448
1451 1450 1452
1452 1453 1451
1453 1452 1454
1455 1454 1452
1450 1455 1452
1454 1455 1456
1455 1457 1456
1457 1455 1458
1458 1459 1457
1459 1458 1460
1458 1461 1460
1461 1458 1462
1463 1453 1454
1453 1463 1464
1454 1465 1463
1465 1454 1456
1457 1465 1456
1466 1463 1465
1463 1466 1467
1459 1468 1457
1468 1466 1465
1465 1457 1468
1468 1459 1469
1470 1468 1469
1468 1470 1471
1466 1468 1471
1472 1466 1471
1473 1472 1471
1471 1470 1473
1472 1473 1474
1466 1472 1475
1476 1475 1472
1474 1476 1472
1475 1476 1477
1477 1478 1475
1466 1478 1467
1478 1466 1475
1478 1477 1479
1480 1478 1479
1478 1480 1481
1479 1482 1480
1482 1479 1483
1476 1474 1484
1485 1482 1483
1486 1485 1483
1479 1486 1483
1486 1479 1477
1476 1486 1477
1485 1486 1487
1486 1488 1487
1488 1486 1489
1484 1489 1476
1486 1476 1489
1489 1490 1488
1489 1484 1490
1491 1478 1481
1478 1491 1467
1491 1492 1467
1492 1463 1467
1463 1492 1464
1493 1494 1495
1494 1493 1496
1497 1496 1493
1496 1497 1498
1497 1499 1498
1499 1497 1500
1500 1501 1499
1501 1500 1502
1503 1497 1493
1495 1503 1493
1497 1503 1504
1505 1504 1503
1504 1505 1506
1500 1507 1502
1507 1500 1508
1506 1508 1504
1497 1508 1500
1508 1497 1504
1508 1506 1509
1509 1507 1508
1509 1510 1507
1503 1495 1511
1505 1503 1511
1505 1511 1512
1512 1513 1505
1513 1506 1505
1506 1513 1514
1515 1506 1514
1506 1515 1509
1515 1510 1509
1516 1510 1515
1514 1516 1515
1516 1517 1510
1517 1516 1518
1518 1519 1517
1519 1518 1520
1518 1521 1520
1521 1518 1522
1522 1523 1521
1523 1522 1524
1524 1525 1523
1525 1524 1526
1526 1527 1512
1527 1526 1524
1512 1527 1513
1528 1524 1522
1524 1528 1527
1528 1518 1516
1518 1528 1522
1516 1514 1528
1513 1528 1514
1528 1513 1527
1525 1529 1523
1529 1525 1530
1531 1529 1530
1529 1531 1532
1533 1529 1532
1529 1533 1534
1534 1523 1529
1523 1534 1521
1534 1520 1521
1533 1535 1534
1520 1534 1535
1535 1533 1536
1537 1535 1536
1535 1537 1538
1539 1533 1532
1532 1531 1539
1533 1539 1540
1539 1541 1540
1533 1542 1536
1542 1533 1540
1542 1540 1541
1542 1537 1536
1539 1531 1543
1539 1543 1541
1542 1541 1544
1544 1537 1542
1519 1535 1538
1535 1519 1520
1354 1545 1546
1546 1547 1354
1499 1546 1545
1546 1499 1501
1545 1498 1499
1498 1545 1548
1398 1498 1548
1498 1398 1496
1397 1496 1398
1496 1397 1494
1549 1547 1546
1547 1549 1550
1549 1551 1550
1551 1549 1552
1551 1553 1550
1553 1551 1554
1554 1555 1553
1555 1554 1556
1556 1557 1555
1557 1556 1558
1559 1557 1558
1557 1559 1560
1559 1561 1560
1561 1559 1562
1562 1563 1561
1563 1562 1564
1564 1565 1563
1565 1564 1566
1567 1560 1561
1560 1567 1568
1568 1567 1113
1569 1560 1568
1114 1568 1113
1568 1114 1570
1569 1568 1570
1571 1564 1562
1559 1571 1562
1564 1571 1572
1572 1566 1564
1573 1572 1571
1572 1573 1574
1574 1575 1572
1566 1572 1575
1575 1574 1576
1571 1577 1573
1577 1571 1578
1579 1577 1578
1577 1579 1580
1581 1580 1579
1580 1581 1582
1578 1558 1579
1558 1578 1559
1571 1559 1578
1579 1556 1581
1556 1579 1558
1583 1582 1581
1582 1583 1584
1583 1585 1584
1585 1583 1586
1586 1587 1585
1587 1586 1588
1581 1554 1583
1554 1581 1556
1554 1586 1583
1586 1554 1551
1551 1588 1586
1588 1551 1552
1585 1587 1589
1589 1584 1585
1584 1589 1590
1591 1584 1590
1584 1591 1582
1591 1580 1582
1591 1592 1580
1592 1577 1580
1577 1592 1593
1593 1573 1577
1573 1593 1594
1595 1573 1594
1573 1595 1574
1596 1574 1595
1574 1596 1576
1592 1591 1597
1598 1591 1590
1591 1598 1597
1599 1597 1598
1600 1599 1598
1599 1600 1601
1597 1599 1602
1602 1592 1597
1601 1603 1599
1603 1602 1599
1603 1601 1604
1602 1603 1605
1606 1602 1605
1602 1606 1607
1608 1607 1606
1608 1606 1609
1609 1610 1608
1610 1609 1611
1612 1610 1611
1610 1612 1613
1612 1614 1613
1615 1613 1614
1613 1615 1616
1616 1610 1613
1607 1608 1617
1610 1617 1608
1618 1603 1604
1603 1618 1619
1618 1620 1619
1621 1619 1620
1621 1620 1609
1609 1606 1621
1621 1603 1619
1603 1621 1605
1621 1606 1605
1610 1616 1622
1617 1610 1622
1618 1623 1620
1618 1624 1623
1604 1624 1618
1601 1624 1604
1624 1601 1625
1594 1617 1622
1616 1594 1622
1617 1594 1593
1593 1607 1617
1607 1593 1592
1592 1602 1607
1601 1626 1625
1626 1601 1600
1589 1626 1600
1600 1590 1589
1590 1600 1598
1626 1589 1587
1594 1616 1595
1615 1595 1616
1595 1615 1596
1462 1627 1120
1462 1120 1567
1120 1627 1628
1629 1120 1628
1120 1629 1109
1628 1630 1629
1630 1628 1234
1234 1242 1630
1127 1629 1630
1629 1127 1112
1629 1112 1109
1630 1132 1127
1132 1630 1242
1242 1631 1132
1631 1242 1241
1628 1627 1450
1628 1450 1230
1230 1234 1628
1113 1567 1120
1450 1233 1230
1233 1450 1447
1447 1290 1233
1290 1447 1302
1447 1301 1302
1301 1447 1449
1286 1233 1290
1233 1286 1231
1132 1631 1134
1455 1450 1627
1627 1458 1455
1458 1627 1462
1563 1461 1462
1461 1563 1565
1462 1561 1563
1561 1462 1567
1632 1569 1633
1569 1116 1633
1116 1569 1570
1117 1633 1116
1633 1117 1119
1119 1632 1633
1632 1119 1634
1118 1634 1119
1634 1118 1635
1118 1354 1635
1570 1115 1116
1115 1570 1114
1635 1354 1547
1547 1634 1635
1634 1547 1636
1550 1636 1547
1636 1550 1553
1553 1637 1636
1637 1634 1636
1637 1553 1555
1557 1637 1555
1637 1557 1638
1557 1560 1638
1638 1560 1569
1634 1637 1632
1638 1569 1632
1638 1632 1637
1354 1353 1545
1355 1545 1353
1545 1355 1548
1356 1548 1355
1548 1356 1398
1356 1346 1398
1346 1348 1395
1347 1395 1348
1395 1347 1187
1342 1187 1347
1187 1342 1174
1342 1175 1174
1340 1175 1342
1175 1340 1178
1340 1182 1178
1182 1340 1339
1339 1183 1182
1183 1339 1349
1337 1349 1339
1349 1185 1183
1639 1640 1641
1641 1640 1642
1642 1643 1641
1643 1642 1644
1645 1643 1644
1643 1645 1646
1645 1647 1646
1647 1648 1646
1649 1646 1648
1646 1649 1643
1641 1649 1639
1649 1641 1643
1648 1375 1649
1375 1639 1649
1375 1648 1373
1372 1373 1648
1372 1648 1647
1639 1375 1376
1639 1378 1640
1639 1376 1378
1644 1650 1645
1650 1644 1651
1652 1650 1651
1653 1652 1651
1644 1653 1651
1652 1653 1654
1654 1655 1652
1655 1654 1656
1657 1655 1656
1655 1657 1658
1657 1659 1658
1659 1657 1660
1661 1655 1658
1659 1661 1658
1655 1661 1662
1655 1663 1652
1663 1655 1662
1650 1652 1663
1664 1663 1662
1661 1664 1662
1663 1664 1665
1665 1650 1663
1661 1659 1666
1666 1664 1661
1667 1656 1654
1656 1667 1668
1657 1668 1660
1656 1668 1657
1654 1669 1667
1669 1654 1653
1642 1669 1653
1653 1644 1642
1669 1642 1640
1650 1665 1670
1670 1645 1650
1645 1670 1647
1287 1671 1288
1671 1287 1291
1294 1671 1291
1335 1326 1358
1360 1358 1326
1360 1326 1330
1360 1330 1333
1672 1240 1236
1243 1672 1236
1401 1173 1414
1173 1401 1171
1106 1104 1327
1673 1674 1675
1674 1676 1675
1676 1677 1675
1677 1678 1675
1678 1679 1675
1679 1680 1675
1680 1681 1675
1681 1682 1675
1682 1683 1675
1683 1684 1675
1684 1685 1675
1685 1686 1675
1687 1673 1675
1688 1675 1686
1689 1675 1688
1690 1675 1689
1691 1675 1690
1692 1675 1691
1693 1675 1692
1694 1675 1693
1695 1675 1694
1696 1675 1695
1697 1675 1696
1698 1675 1697
1699 1675 1698
1687 1675 1699
397 381 388
1700 1701 1702
1701 1700 1703
1701 1704 1702
1704 1701 1705
1705 1706 1704
1706 1705 1707
1707 1708 1706
1708 1707 1709
1709 1710 1708
1710 1709 1711
1712 1710 1711
1710 1712 1713
1714 1713 1712
1713 1714 1715
1714 1716 1715
1716 1714 1717
1718 1716 1717
1716 1718 1719
1720 1719 1718
1719 1720 1721
1722 1721 1720
1721 1722 1723
1724 1723 1722
1723 1724 1725
1726 1725 1724
1725 1726 1727
1726 1728 1727
1728 1726 1729
1729 1730 1728
1730 1729 1731
1731 1732 1730
1732 1731 1733
1733 1734 1732
1734 1733 1735
1735 1736 1734
1736 1735 1737
1738 1736 1737
1736 1738 1739
1738 1740 1739
1740 1738 1741
1741 1742 1740
1742 1741 1743
1744 1742 1743
1742 1744 1745
1746 1745 1744
1745 1746 1747
1748 1747 1746
1747 1748 1749
1750 1749 1748
1749 1750 1751
1750 1700 1751
1700 1750 1703
1752 1753 1754
1753 1752 1755
1755 1756 1753
1756 1755 1757
1757 1758 1756
1758 1757 1759
1759 1760 1758
1760 1759 1761
1762 1760 1761
1760 1762 1763
1754 1764 1752
1764 1754 1765
1766 1764 1765
1764 1766 1767
1768 1767 1766
1767 1768 1769
1770 1769 1768
1769 1770 1771
1772 1771 1770
1771 1772 1773
1774 1773 1772
1773 1774 1775
1776 1775 1774
1775 1776 1777
1778 1777 1776
1777 1778 1779
1778 1780 1779
1780 1778 1781
1781 1782 1780
1782 1781 1783
1783 1784 1782
1784 1783 1785
1785 1786 1784
1786 1785 1787
1787 1788 1786
1788 1787 1789
1789 1790 1788
1790 1789 1791
1791 1792 1790
1792 1791 1793
1794 1792 1793
1792 1794 1795
1796 1795 1794
1795 1796 1797
1798 1797 1796
1797 1798 1799
1800 1799 1798
1799 1800 1801
1802 1801 1800
1801 1802 1803
1802 1762 1803
1762 1802 1763
1804 1805 1806
1805 1804 1807
1808 1805 1807
1805 1808 1809
1807 1810 1808
1810 1807 1811
1812 1810 1811
1810 1812 1813
1814 1813 1812
1813 1814 1815
1815 1814 1816
1815 1817 1813
1818 1813 1817
1813 1818 1819
1819 1810 1813
1820 1818 1817
1821 1820 1817
1820 1821 1822
1822 1821 1823
1824 1820 1822
1825 1821 1817
1817 1815 1825
1826 1821 1825
1826 1825 1827
1827 1825 1815
1821 1826 1828
1818 1820 1829
1824 1829 1820
1829 1824 1830
1831 1827 1815
1831 1815 1816
1816 1832 1831
1833 1834 1835
1834 1833 1836
1837 1836 1833
1836 1837 1838
1835 1839 1833
1839 1837 1833
1839 1835 1840
1837 1839 1841
1842 1841 1839
1840 1842 1839
1841 1842 1843
1844 1843 1842
1845 1844 1842
1842 1840 1845
1844 1845 1846
1846 1847 1844
1847 1846 1848
1849 1847 1848
1847 1849 1850
1851 1850 1849
1850 1851 1852
1853 1852 1851
1852 1853 1854
1855 1854 1853
1854 1855 1856
1857 1856 1855
1856 1857 1858
1854 1859 1852
1859 1854 1860
1854 1861 1860
1861 1854 1856
1856 1862 1861
1862 1856 1858
1850 1863 1847
1863 1850 1864
1864 1852 1859
1852 1864 1850
1865 1847 1863
1847 1865 1844
1843 1844 1865
1853 1866 1855
1867 1855 1866
1857 1855 1867
1866 1868 1867
1868 1866 1869
1870 1869 1866
1869 1870 1871
1871 1872 1869
1872 1871 1873
1874 1871 1870
1871 1874 1875
1875 1873 1871
1873 1875 1876
1877 1875 1874
1875 1877 1878
1878 1876 1875
1879 1878 1877
1878 1879 1880
1880 1881 1878
1876 1878 1881
1881 1880 1882
1883 1882 1880
1882 1883 1884
1883 1885 1884
1885 1883 1886
1886 1887 1885
1887 1886 1888
1889 1888 1886
1888 1889 1890
1888 1891 1887
1891 1888 1892
1890 1892 1888
1893 1880 1879
1880 1893 1883
1893 1886 1883
1886 1893 1889
1892 1894 1891
1894 1892 1895
1896 1895 1892
1892 1890 1896
1895 1896 1897
1845 1890 1889
1890 1845 1840
1840 1896 1890
1846 1889 1893
1889 1846 1845
1879 1846 1893
1846 1879 1848
1877 1848 1879
1848 1877 1849
1874 1849 1877
1849 1874 1851
1870 1851 1874
1851 1870 1853
1866 1853 1870
1835 1897 1896
1896 1840 1835
1897 1835 1834
1834 1898 1897
1898 1834 1899
1899 1900 1898
1901 1898 1900
1898 1901 1902
1903 1902 1901
1902 1903 1904
1900 1899 1905
1906 1905 1899
1905 1906 1907
1908 1907 1906
1907 1908 1909
1906 1838 1908
1910 1908 1838
1838 1911 1910
1911 1912 1910
1912 1911 1913
1911 1914 1913
1914 1911 1915
1915 1916 1914
1916 1915 1917
1918 1916 1917
1916 1918 1919
1920 1919 1918
1919 1920 1921
1915 1843 1917
1843 1915 1841
1911 1841 1915
1843 1922 1917
1922 1918 1917
1918 1923 1920
1923 1918 1922
1924 1920 1923
1920 1924 1925
1925 1921 1920
1926 1925 1924
1925 1926 1927
1927 1928 1925
1921 1925 1928
1928 1927 1929
1927 1930 1929
1930 1927 1931
1926 1931 1927
1931 1932 1930
1932 1931 1933
1933 1934 1932
1934 1933 1935
1931 1926 1936
1936 1933 1931
1933 1936 1937
1937 1935 1933
1935 1937 1938
1938 1937 1939
1940 1926 1924
1923 1940 1924
1940 1923 1941
1941 1942 1940
1942 1943 1940
1943 1942 1944
1942 1859 1944
1859 1942 1864
1945 1864 1942
1942 1941 1945
1864 1945 1863
1945 1865 1863
1865 1945 1922
1922 1945 1941
1922 1941 1923
1859 1946 1944
1946 1859 1860
1860 1947 1946
1947 1860 1861
1862 1947 1861
1947 1862 1938
1939 1946 1947
1947 1938 1939
1946 1939 1948
1948 1944 1946
1944 1948 1943
1843 1865 1922
1937 1948 1939
1948 1937 1936
1936 1943 1948
1943 1936 1926
1926 1940 1943
1949 1950 1951
1952 1949 1951
1953 1952 1951
1950 1949 1954
511 1950 1954
1954 512 511
512 1954 1955
511 509 1950
1950 509 508
1950 508 1951
508 497 1951
497 496 1951
1953 1951 496
495 1953 496
493 1956 495
489 1956 493
1956 489 491
1957 1869 1872
1869 1957 1868
620 617 1958
1958 622 620
622 1958 630
502 630 1958
630 502 505
505 631 630
631 505 517
552 631 517
552 517 554
514 554 517
631 552 553
553 629 631
629 553 632
549 632 553
632 549 550
555 632 550
1958 501 502
555 548 628
628 548 541
501 1958 617
616 501 617
501 616 234
1959 1960 1961
1960 1959 1962
1959 1963 1962
1964 1812 1965
1812 1964 1814
1811 1965 1812
1965 1811 1966
1807 1966 1811
1966 1807 1804
1967 1968 1969
1968 1970 1969
1971 1968 1967
1972 1971 1967
1971 1972 1973
1971 1973 1974
1975 1971 1974
1976 1975 1974
1975 1976 1977
1978 1979 1980
1980 1981 1978
1981 1982 1978
1982 1983 1978
1983 1984 1978
1978 1984 1979
1981 1980 1985
1986 1985 1980
1979 1986 1980
1987 1981 1985
1987 1985 1988
1985 1989 1988
1988 1989 1990
1989 1991 1990
1990 1991 1986
1986 1991 1985
1991 1989 1985
1992 1979 1984
1992 1984 1983
1993 1992 1983
591 575 1994
575 591 577
571 1994 575
1994 571 573
1806 1995 1996
1995 1806 1805
1809 1995 1805
1995 1809 1997
481 499 1998
481 483 499
480 499 233
1999 2000 2001
2000 1999 2002
2003 2001 2000
1910 1999 2001
1999 1910 1912
1908 1910 2001
2003 1908 2001
2003 1909 1908
1911 1838 1837
1841 1911 1837
1838 1906 1836
1899 1836 1906
1836 1899 1834
2004 2005 2006
2007 2005 2004
2005 2007 2008
2009 2005 2008
2005 2009 2010
2011 2005 2010
2012 2005 2011
2005 2012 2013
2005 2013 2014
2005 2015 2006
2015 2005 2016
2005 2014 2016
2017 2018 2019
2017 2020 2018
2017 2021 2020
2017 2022 2021
2017 2023 2022
2017 2024 2023
2017 2025 2024
2017 2026 2025
2017 2027 2026
2017 2028 2027
2017 2029 2028
2017 2019 2029
2019 2018 2030
2031 2019 2030
2030 2018 2032
2018 2020 2032
2032 2020 2033
2020 2021 2033
2033 2021 2034
2021 2022 2034
2034 2022 2035
2022 2023 2035
2023 2024 2035
2024 2036 2035
2024 2025 2036
2025 2037 2036
2025 2026 2037
2026 2038 2037
2026 2027 2038
2027 2039 2038
2027 2028 2039
2028 2040 2039
2028 2029 2040
2029 2041 2040
2029 2019 2041
2019 2031 2041
1897 1902 1895
1902 1897 1898
1904 1895 1902
1895 1904 1894
730 744 742
744 730 731
2042 2043 2044
2045 2043 2042
2042 2044 2046
2044 2047 2046
2048 2046 2047
2047 2049 2048
2050 2048 2049
2048 2050 2051
2052 2050 2049
2050 2052 2053
2049 2047 2054
2044 2054 2047
2055 2049 2054
2049 2055 2052
2054 2056 2055
2056 2054 2057
2054 2044 2057
2046 2048 2058
2048 2051 2058
2051 2059 2058
2060 2051 2050
2053 2060 2050
2051 2060 2061
2061 2059 2051
2060 2053 2062
2059 2061 2063
2064 2052 2055
2056 2064 2055
2056 2065 2064
2066 2065 2056
2067 2065 2066
2068 2064 2065
2068 2065 2069
2065 2067 2069
2070 2058 2059
2059 2071 2070
2071 2059 2072
2070 2073 2058
2073 2070 2074
2070 2071 2074
2075 2073 2074
2073 2075 2076
2067 2077 2069
2078 2069 2077
2077 2067 2079
2080 2076 2075
2081 2080 2075
2074 2081 2075
2074 2082 2081
2071 2082 2074
2080 2081 2083
2081 2084 2083
2084 2081 2085
2085 2081 2082
2086 2085 2082
2076 2080 2087
2088 2073 2076
2088 2076 2087
2088 2087 2089
2089 2045 2088
2045 2089 2090
2088 2045 2042
2088 2042 2091
2088 2091 2073
2091 2058 2073
2058 2091 2046
2042 2046 2091
2092 2045 2090
2045 2092 2093
2093 2043 2045
2043 2093 2094
2094 2044 2043
2044 2094 2095
2095 2057 2044
2057 2095 2096
2096 2056 2057
2056 2096 2097
2098 2056 2097
2056 2098 2066
2099 2066 2098
2066 2099 2067
2100 2067 2099
2067 2100 2079
2099 2101 2100
2101 2099 2102
2098 2102 2099
2102 2098 2103
2097 2103 2098
2103 2097 2104
2096 2104 2097
2104 2096 2105
2106 2096 2095
2096 2106 2105
2095 2107 2106
2107 2095 2094
2094 2108 2107
2108 2094 2093
2093 2109 2108
2109 2093 2092
2110 2111 2060
2060 2111 2112
2111 2110 2113
2111 2113 2114
2111 2114 2115
2111 2115 2112
2114 2113 2116
2115 2114 2116
2113 2117 2116
2115 2116 2118
2118 2119 2115
2112 2115 2119
2118 2120 2119
2120 2118 2121
2122 2120 2121
2120 2122 2123
2118 2124 2121
2124 2116 2117
2118 2116 2124
2125 2124 2117
2126 2124 2125
2124 2126 2127
2121 2127 2122
2127 2121 2124
2128 2126 2125
2117 2128 2125
2126 2128 2129
2128 2117 2130
2117 2113 2130
2123 2131 2120
2120 2131 2119
2131 2132 2119
2132 2131 2133
2134 2133 2131
2131 2123 2134
2133 2134 2135
2135 2072 2133
2072 2135 2136
2133 2072 2059
2063 2132 2133
2063 2133 2059
2112 2132 2063
2061 2112 2063
2060 2112 2061
2137 2129 2128
2130 2137 2128
2132 2112 2119
2072 2136 2138
2071 2072 2138
2071 2138 2082
2139 2140 2137
2140 2139 2141
2142 2141 2139
2143 2142 2139
2141 2142 2144
2137 2145 2139
2145 2143 2139
2145 2110 2143
2145 2130 2110
2130 2145 2137
2110 2062 2143
2110 2060 2062
2143 2146 2142
2146 2143 2062
2146 2147 2142
2147 2148 2142
2148 2144 2142
2149 2148 2147
2146 2062 2053
2146 2150 2147
2053 2150 2146
2151 2147 2150
2152 2147 2151
2149 2147 2152
2151 2153 2152
2153 2151 2154
2069 2154 2151
2053 2052 2150
2052 2064 2150
2154 2155 2153
2155 2156 2153
2152 2153 2156
2152 2156 2149
2156 2155 2157
2158 2156 2157
2156 2158 2159
2149 2156 2159
2160 2149 2159
2155 2154 2078
2078 2154 2069
2150 2068 2151
2068 2150 2064
2069 2151 2068
2129 2137 2140
2130 2113 2110
2161 2162 2163
2162 2161 2164
2165 2162 2164
2162 2165 2166
2163 2167 2161
2167 2163 2168
2168 2169 2167
2169 2168 2170
2170 2171 2169
2171 2170 2172
2172 2173 2171
2174 2166 2165
2166 2174 2175
2176 2177 2178
2177 2176 2179
2178 2177 2180
2181 2182 2183
2182 2181 2184
2185 2186 2187
2186 2185 2188
2189 2187 2186
2187 2189 2190
2185 2191 2188
2191 2185 2192
2192 2193 2191
2193 2192 2194
2194 2195 2193
2195 2194 2196
2196 2197 2195
2197 2196 2198
2198 2199 2197
2199 2198 2200
2201 2199 2200
2199 2201 2202
2203 2202 2201
2202 2203 2204
2205 2193 2195
2193 2205 2206
2206 2191 2193
2207 2197 2199
2199 2208 2207
2199 2202 2208
2197 2207 2209
2209 2195 2197
2195 2209 2205
2202 2204 2210
2210 2204 2211
2209 2212 2205
2212 2209 2213
2211 2214 2210
2214 2211 2215
2216 2210 2214
2210 2216 2217
2202 2217 2208
2217 2202 2210
2217 2218 2208
2218 2217 2216
2218 2207 2208
2209 2219 2213
2219 2209 2207
2207 2218 2219
2220 2205 2212
2205 2220 2206
2221 2206 2220
2206 2221 2222
2221 2223 2222
2188 2222 2223
2222 2188 2191
2191 2206 2222
2223 2186 2188
2186 2223 2224
2225 2186 2224
2186 2225 2189
2223 2221 2226
2226 2224 2223
2224 2226 2227
2228 2224 2227
2224 2228 2225
2229 2230 2231
2230 2229 2232
2233 2232 2229
2232 2233 2234
2230 2235 2231
2235 2230 2236
2237 2234 2233
2234 2237 2238
2236 2239 2235
2239 2236 2240
2241 2240 2236
2242 2241 2236
2230 2242 2236
2240 2241 2243
2240 2244 2239
2244 2240 2245
2243 2245 2240
2234 2246 2232
2246 2234 2247
2238 2247 2234
2247 2248 2246
2248 2247 2249
2250 2249 2247
2247 2238 2250
2249 2250 2251
2249 2252 2248
2252 2249 2253
2254 2252 2253
2250 2255 2251
2255 2250 2256
2256 2257 2255
2257 2256 2258
2259 2257 2258
2257 2259 2260
2261 2251 2255
2251 2261 2262
2263 2253 2249
2251 2262 2263
2251 2263 2249
2264 2253 2263
2253 2264 2265
2265 2254 2253
2265 2266 2254
2266 2265 2267
2255 2268 2261
2268 2255 2257
2259 2269 2260
2269 2259 2270
2270 2271 2269
2271 2270 2272
2273 2269 2271
2269 2273 2274
2269 2275 2260
2275 2269 2274
2276 2275 2274
2277 2276 2274
2277 2274 2273
2276 2277 2278
2275 2276 2279
2279 2280 2275
2280 2279 2281
2280 2281 2282
2276 2283 2279
2283 2281 2279
2283 2276 2284
2285 2283 2284
2284 2286 2285
2286 2284 2287
2276 2287 2284
2287 2276 2278
2283 2285 2288
2289 2288 2285
2290 2289 2285
2290 2285 2286
2289 2290 2291
2288 2289 2292
2288 2293 2283
2281 2283 2293
2294 2281 2293
2281 2294 2295
2281 2295 2282
2293 2296 2294
2296 2293 2297
2293 2288 2297
2298 2288 2292
2288 2298 2297
2291 2299 2289
2299 2292 2289
2299 2291 2300
2298 2301 2297
2301 2296 2297
2301 2298 2302
2298 2303 2302
2303 2298 2304
2300 2305 2299
2305 2306 2299
2292 2299 2306
2306 2298 2292
2298 2306 2304
2306 2305 2307
2308 2306 2307
2306 2308 2304
2304 2308 2303
2309 2310 2311
2310 2309 2312
2313 2311 2310
2311 2313 2314
2309 2315 2312
2315 2309 2316
2313 2317 2314
2317 2313 2318
2316 2237 2315
2237 2316 2238
2256 2238 2316
2238 2256 2250
2311 2258 2309
2258 2316 2309
2316 2258 2256
2258 2311 2259
2270 2311 2314
2311 2270 2259
2272 2314 2317
2314 2272 2270
2319 2320 2321
2320 2319 2322
2319 2323 2322
2323 2319 2324
2325 2323 2324
2323 2325 2326
2325 2327 2326
2327 2325 2328
2329 2326 2327
2326 2329 2330
2329 2331 2330
2331 2329 2332
2332 2333 2331
2333 2332 2334
2335 2320 2322
2320 2335 2336
2337 2336 2335
2336 2337 2338
2339 2338 2337
2339 2337 2340
2340 2341 2339
2338 2339 2342
2338 2343 2336
2343 2320 2336
2320 2343 2344
2343 2345 2344
2345 2343 2346
2343 2347 2346
2347 2343 2348
2343 2338 2348
2342 2348 2338
2348 2349 2347
2349 2348 2350
2348 2342 2350
2346 2351 2345
2351 2346 2352
2347 2352 2346
2352 2347 2353
2353 2347 2349
2353 2349 2354
2355 2344 2345
2351 2355 2345
2351 2356 2355
2344 2355 2357
2356 2351 2358
2352 2358 2351
2358 2352 2359
2353 2359 2352
2359 2353 2360
2360 2353 2354
2361 2360 2354
2361 2359 2360
2362 2361 2354
2361 2362 2363
2364 2363 2362
2363 2364 2365
2366 2365 2364
2365 2366 2367
2368 2365 2367
2365 2368 2369
2368 2370 2369
2370 2368 2371
2372 2370 2371
2370 2372 2373
2373 2374 2370
2374 2373 2375
2376 2370 2374
2370 2376 2369
2365 2376 2363
2376 2365 2369
2363 2377 2361
2377 2363 2376
2374 2377 2376
2378 2371 2368
2367 2378 2368
2371 2378 2379
2378 2367 2380
2381 2367 2366
2367 2381 2380
2378 2382 2379
2382 2383 2379
2383 2371 2379
2371 2383 2372
2382 2378 2384
2382 2384 2385
2386 2378 2380
2378 2386 2384
2385 2384 2386
2380 2381 2386
2377 2374 2387
2387 2375 2356
2382 2388 2383
2388 2382 2385
2385 2386 2389
2381 2389 2386
2356 2358 2387
2359 2387 2358
2387 2359 2377
2359 2361 2377
2375 2387 2374
2390 2391 2392
2391 2390 2393
2392 2391 2394
2392 2394 2395
2394 2396 2395
2396 2397 2395
2397 2392 2395
2397 2396 2398
2396 2394 2399
2399 2400 2396
2399 2401 2400
2401 2399 2402
2394 2402 2399
2403 2398 2396
2398 2403 2404
2405 2398 2404
2406 2397 2398
2405 2406 2398
2397 2406 2407
2408 2407 2406
2406 2409 2408
2409 2406 2410
2406 2405 2410
2407 2408 2411
2407 2412 2397
2412 2407 2413
2411 2413 2407
2414 2408 2409
2408 2414 2415
2415 2411 2408
2416 2415 2414
2415 2416 2417
2416 2418 2417
2418 2416 2419
2417 2420 2415
2411 2415 2420
2420 2417 2421
2417 2422 2421
2422 2417 2418
2423 2411 2420
2411 2423 2424
2413 2411 2424
2425 2424 2423
2424 2425 2426
2426 2413 2424
2413 2426 2427
2423 2428 2425
2428 2423 2429
2422 2429 2421
2420 2429 2423
2429 2420 2421
2429 2422 2430
2430 2428 2429
2419 2431 2418
2431 2419 2432
2428 2430 2433
2434 2431 2432
2435 2431 2434
2431 2435 2436
2436 2430 2422
2437 2436 2435
2436 2437 2438
2438 2433 2430
2430 2436 2438
2438 2437 2439
2433 2438 2439
2436 2418 2431
2418 2436 2422
2440 2413 2427
2413 2440 2412
2412 2440 2441
2392 2412 2441
2392 2397 2412
2441 2442 2392
2443 2392 2442
2390 2392 2443
2443 2444 2390
2445 2390 2444
2390 2445 2446
2445 2447 2446
2447 2445 2448
2449 2446 2447
2446 2449 2450
2451 2449 2447
2449 2451 2452
2453 2452 2451
2454 2453 2451
2453 2454 2455
2452 2453 2456
2452 2457 2449
2457 2452 2458
2459 2457 2458
2457 2459 2460
2461 2457 2460
2457 2461 2462
2462 2449 2457
2449 2462 2450
2463 2452 2456
2452 2463 2458
2463 2464 2458
2458 2464 2459
2464 2463 2465
2466 2465 2463
2456 2466 2463
2465 2466 2467
2453 2468 2456
2466 2456 2468
2468 2453 2469
2455 2469 2453
2469 2455 2470
2470 2471 2469
2471 2470 2472
2471 2472 2473
2473 2474 2471
2469 2474 2468
2474 2469 2471
2474 2473 2475
2476 2474 2475
2474 2476 2477
2477 2467 2466
2477 2468 2474
2468 2477 2466
2477 2476 2478
2467 2477 2478
2479 2480 2481
2480 2479 2482
2479 2483 2482
2483 2479 2484
2485 2481 2480
2481 2485 2486
2484 2487 2483
2487 2484 2252
2488 2479 2481
2479 2488 2489
2484 2479 2489
2484 2489 2248
2484 2248 2252
2490 2481 2486
2481 2490 2488
2491 2488 2490
2490 2492 2491
2492 2490 2493
2488 2491 2242
2242 2489 2488
2489 2246 2248
2246 2489 2494
2489 2242 2494
2494 2232 2246
2232 2494 2230
2242 2230 2494
2495 2486 2485
2485 2496 2495
2496 2485 2497
2485 2498 2497
2498 2499 2497
2499 2498 2500
2501 2500 2498
2500 2501 2502
2498 2485 2480
2498 2480 2501
2482 2501 2480
2501 2482 2503
2503 2502 2501
2482 2504 2503
2504 2482 2483
2504 2483 2505
2505 2340 2504
2502 2503 2506
2507 2503 2504
2503 2507 2506
2504 2340 2507
2508 2497 2499
2497 2508 2496
2508 2509 2496
2509 2508 2333
2487 2505 2483
2505 2487 2510
2487 2511 2510
2511 2487 2254
2512 2510 2511
2511 2513 2512
2510 2512 2514
2514 2505 2510
2505 2514 2515
2505 2515 2340
2511 2254 2266
2266 2513 2511
2509 2495 2496
2495 2509 2516
2516 2517 2495
2517 2516 2518
2518 2519 2517
2519 2518 2520
2518 2521 2520
2521 2518 2522
2518 2516 2522
2523 2520 2521
2520 2523 2524
2525 2524 2523
2524 2525 2526
2527 2524 2526
2524 2527 2528
2529 2526 2525
2526 2529 2530
2531 2530 2529
2530 2531 2532
2532 2533 2530
2533 2532 2534
2535 2533 2534
2533 2535 2536
2537 2536 2535
2536 2537 2538
2536 2539 2533
2530 2539 2526
2539 2530 2533
2539 2527 2526
2539 2536 2540
2540 2536 2538
2527 2541 2528
2541 2492 2528
2493 2528 2492
2528 2493 2524
2493 2520 2524
2520 2493 2519
2492 2541 2542
2543 2542 2541
2541 2544 2543
2544 2541 2545
2545 2540 2544
2540 2545 2539
2542 2543 2546
2546 2547 2542
2547 2546 2548
2549 2544 2540
2549 2546 2543
2549 2543 2544
2546 2549 2550
2550 2548 2546
2548 2550 2551
2552 2548 2551
2548 2552 2243
2243 2547 2548
2245 2243 2552
2491 2542 2547
2542 2491 2492
2547 2243 2241
2547 2242 2491
2242 2547 2241
2541 2527 2545
2527 2539 2545
2549 2540 2538
2553 2554 2555
2554 2553 2556
2557 2556 2553
2556 2557 2558
2559 2558 2557
2558 2559 2560
2560 2561 2558
2561 2556 2558
2561 2560 2562
2563 2561 2562
2561 2563 2564
2565 2564 2563
2564 2565 2566
2567 2564 2566
2564 2567 2568
2559 2569 2560
2569 2559 2570
2571 2560 2569
2560 2571 2562
2571 2563 2562
2569 2572 2571
2572 2569 2573
2574 2565 2563
2572 2574 2571
2563 2571 2574
2565 2574 2575
2574 2576 2575
2576 2574 2577
2574 2572 2577
2572 2578 2577
2578 2579 2577
2577 2579 2576
2579 2578 2580
2578 2572 2581
2581 2582 2578
2582 2580 2578
2582 2581 2583
2584 2583 2581
2572 2584 2581
2584 2572 2573
2583 2584 2585
2584 2586 2585
2586 2584 2587
2588 2585 2586
2585 2588 2589
2580 2582 2590
2591 2589 2588
2591 2592 2589
2585 2592 2583
2592 2585 2589
2592 2582 2583
2592 2591 2593
2594 2592 2593
2592 2594 2595
2595 2590 2582
2582 2592 2595
2595 2594 2596
2590 2595 2596
2584 2597 2587
2597 2584 2573
2597 2573 2598
2569 2598 2573
2598 2569 2570
2599 2600 2601
2600 2599 2602
2602 2603 2600
2603 2602 2604
2605 2603 2604
2603 2605 2606
2607 2606 2605
2606 2607 2608
2603 2609 2600
2609 2601 2600
2609 2603 2610
2610 2611 2609
2611 2610 2612
2613 2606 2608
2606 2613 2614
2614 2612 2610
2614 2603 2606
2603 2614 2610
2612 2614 2615
2615 2614 2613
2615 2613 2616
2601 2609 2617
2611 2617 2609
2611 2618 2617
2618 2611 2619
2612 2619 2611
2619 2612 2620
2612 2621 2620
2621 2612 2615
2621 2615 2616
2622 2621 2616
2622 2620 2621
2623 2622 2616
2622 2623 2624
2625 2624 2623
2624 2625 2626
2627 2624 2626
2624 2627 2628
2629 2628 2627
2628 2629 2630
2631 2630 2629
2630 2631 2632
2633 2632 2618
2632 2633 2630
2618 2619 2633
2630 2634 2628
2634 2630 2633
2624 2634 2622
2634 2624 2628
2620 2622 2634
2619 2634 2633
2634 2619 2620
2635 2631 2629
2631 2635 2636
2635 2637 2636
2637 2635 2638
2635 2639 2638
2639 2635 2640
2629 2640 2635
2640 2629 2627
2626 2640 2627
2641 2639 2640
2640 2626 2641
2639 2641 2642
2641 2643 2642
2643 2641 2644
2639 2645 2638
2638 2645 2637
2645 2639 2646
2645 2646 2647
2639 2648 2646
2648 2639 2642
2648 2647 2646
2648 2642 2643
2645 2649 2637
2645 2647 2649
2648 2650 2647
2650 2648 2643
2641 2625 2644
2625 2641 2626
2513 2651 2652
2651 2513 2653
2651 2605 2652
2605 2651 2607
2604 2652 2605
2652 2604 2654
2604 2341 2654
2341 2604 2602
2602 2339 2341
2339 2602 2599
2653 2655 2651
2655 2653 2656
2657 2655 2656
2655 2657 2658
2659 2657 2656
2657 2659 2660
2661 2660 2659
2660 2661 2662
2663 2662 2661
2662 2663 2664
2663 2665 2664
2665 2663 2666
2667 2665 2666
2665 2667 2668
2669 2668 2667
2668 2669 2670
2671 2670 2669
2670 2671 2672
2666 2673 2667
2673 2666 2674
2674 2261 2673
2675 2674 2666
2674 2262 2261
2262 2674 2676
2675 2676 2674
2670 2677 2668
2677 2665 2668
2677 2670 2678
2672 2678 2670
2678 2679 2677
2679 2678 2680
2681 2680 2678
2678 2672 2681
2680 2681 2682
2683 2677 2679
2677 2683 2684
2683 2685 2684
2685 2683 2686
2686 2687 2685
2687 2686 2688
2664 2684 2685
2684 2664 2665
2665 2677 2684
2662 2685 2687
2685 2662 2664
2688 2689 2687
2689 2688 2690
2691 2689 2690
2689 2691 2692
2693 2692 2691
2692 2693 2694
2660 2687 2689
2687 2660 2662
2692 2660 2689
2660 2692 2657
2694 2657 2692
2657 2694 2658
2691 2695 2693
2690 2695 2691
2695 2690 2696
2690 2697 2696
2697 2690 2688
2697 2688 2686
2697 2686 2698
2683 2698 2686
2698 2683 2699
2679 2699 2683
2699 2679 2700
2679 2701 2700
2701 2679 2680
2680 2702 2701
2702 2680 2682
2698 2703 2697
2704 2697 2703
2697 2704 2696
2703 2705 2704
2705 2706 2704
2706 2696 2704
2706 2705 2707
2705 2703 2708
2698 2708 2703
2709 2707 2705
2708 2709 2705
2707 2709 2710
2709 2708 2711
2708 2712 2711
2712 2708 2713
2713 2714 2712
2714 2715 2712
2716 2715 2714
2715 2716 2717
2716 2718 2717
2718 2716 2719
2718 2719 2720
2719 2721 2720
2721 2719 2722
2716 2722 2719
2714 2713 2723
2723 2716 2714
2709 2724 2710
2724 2709 2725
2724 2725 2726
2727 2726 2725
2727 2715 2726
2715 2727 2712
2709 2727 2725
2727 2709 2711
2727 2711 2712
2722 2716 2728
2716 2723 2728
2724 2726 2729
2724 2729 2730
2710 2724 2730
2730 2707 2710
2707 2730 2731
2723 2700 2728
2700 2722 2728
2700 2723 2699
2713 2699 2723
2699 2713 2698
2708 2698 2713
2732 2707 2731
2707 2732 2706
2695 2706 2732
2696 2706 2695
2732 2693 2695
2722 2700 2701
2701 2721 2722
2721 2701 2702
2568 2268 2733
2568 2673 2268
2268 2734 2733
2268 2735 2734
2735 2268 2257
2736 2734 2735
2734 2736 2394
2402 2394 2736
2735 2275 2736
2275 2735 2260
2735 2257 2260
2280 2736 2275
2736 2280 2402
2737 2402 2280
2402 2737 2401
2734 2556 2733
2734 2391 2556
2391 2734 2394
2261 2268 2673
2393 2556 2391
2556 2393 2554
2450 2554 2393
2554 2450 2462
2461 2554 2462
2554 2461 2555
2393 2446 2450
2446 2393 2390
2280 2282 2737
2556 2561 2733
2564 2733 2561
2733 2564 2568
2567 2669 2568
2669 2567 2671
2667 2568 2669
2568 2667 2673
2738 2739 2675
2264 2675 2739
2675 2264 2676
2739 2265 2264
2265 2739 2267
2738 2267 2739
2267 2738 2740
2740 2266 2267
2266 2740 2741
2266 2741 2513
2263 2676 2264
2676 2263 2262
2741 2653 2513
2740 2653 2741
2653 2740 2742
2742 2656 2653
2656 2742 2659
2743 2659 2742
2740 2743 2742
2659 2743 2661
2743 2663 2661
2663 2743 2744
2663 2744 2666
2744 2675 2666
2743 2740 2738
2744 2738 2675
2744 2743 2738
2513 2652 2512
2652 2514 2512
2514 2652 2654
2654 2515 2514
2515 2654 2341
2515 2341 2340
2340 2337 2507
2337 2506 2507
2506 2337 2335
2335 2502 2506
2502 2335 2322
2502 2322 2323
2500 2502 2323
2323 2326 2500
2330 2500 2326
2500 2330 2499
2331 2499 2330
2499 2331 2508
2508 2331 2333
2745 2746 2747
2746 2748 2747
2749 2748 2746
2748 2749 2750
2749 2751 2750
2751 2749 2752
2751 2752 2753
2753 2752 2754
2755 2752 2749
2752 2755 2754
2746 2755 2749
2755 2746 2745
2534 2754 2755
2745 2534 2755
2754 2534 2532
2531 2754 2532
2531 2753 2754
2534 2745 2535
2745 2747 2537
2745 2537 2535
2756 2750 2751
2750 2756 2757
2756 2758 2757
2758 2759 2757
2759 2750 2757
2759 2758 2760
2761 2760 2758
2760 2761 2762
2761 2763 2762
2763 2761 2764
2765 2763 2764
2763 2765 2766
2761 2767 2764
2767 2765 2764
2767 2761 2768
2761 2769 2768
2769 2761 2758
2758 2756 2769
2769 2770 2768
2767 2768 2770
2770 2769 2771
2756 2771 2769
2765 2767 2772
2772 2767 2770
2762 2773 2760
2773 2762 2774
2763 2766 2774
2762 2763 2774
2775 2760 2773
2760 2775 2759
2775 2748 2759
2750 2759 2748
2748 2775 2747
2771 2756 2776
2751 2776 2756
2776 2751 2753
2777 2778 2779
2778 2777 2780
2777 2781 2780
2782 2780 2781
2780 2782 2783
2783 2778 2780
2782 2784 2783
2784 2782 2785
2785 2786 2784
2787 2784 2786
2784 2787 2788
2788 2783 2784
2786 2785 2789
2781 2777 2790
2783 2788 2791
2778 2783 2791
2779 2778 2792
2791 2792 2778
2792 2791 2793
2794 2791 2788
2791 2794 2793
2794 2788 2787
2795 2794 2787
2795 2793 2794
2796 2795 2787
2795 2796 2797
2797 2798 2795
2793 2795 2798
2798 2797 2799
2800 2798 2799
2798 2800 2801
2793 2801 2792
2801 2793 2798
2802 2801 2800
2801 2802 2779
2779 2792 2801
2803 2802 2800
2802 2803 2804
2800 2805 2803
2805 2800 2799
2797 2805 2799
2806 2797 2796
2797 2806 2807
2805 2797 2807
2808 2803 2805
2807 2808 2805
2803 2808 2809
2808 2807 2810
2811 2807 2806
2807 2811 2810
2808 2812 2809
2813 2809 2812
2803 2813 2804
2813 2803 2809
2812 2808 2814
2815 2812 2814
2808 2816 2814
2816 2808 2810
2815 2814 2816
2816 2810 2811
2817 2813 2812
2815 2817 2812
2815 2816 2818
2818 2816 2811
2447 2819 2451
2819 2447 2448
2454 2451 2819
2486 2495 2517
2519 2486 2517
2519 2490 2486
2519 2493 2490
2820 2396 2400
2403 2396 2820
2321 2344 2357
2344 2321 2320
2328 2785 2327
2785 2328 2789
2782 2327 2785
2327 2782 2329
2782 2332 2329
2332 2782 2781
2781 2334 2332
2334 2781 2790
2254 2487 2252
761 752 745
