byte offset: 0
first index: 0
index count: 11346
topology: trianglelist
format: DXGI_FORMAT_R16_UINT

0 1 2
3 0 2
4 0 3
4 5 0
0 5 6
7 0 6
0 7 1
8 7 6
9 8 6
10 8 9
10 11 8
12 11 10
13 12 10
14 13 10
15 12 13
10 9 16
9 6 16
17 10 16
10 17 14
6 18 16
16 18 19
20 16 19
17 16 20
21 20 19
21 19 22
21 23 20
23 24 20
17 20 24
23 25 24
23 26 25
26 27 25
26 28 27
28 29 27
30 26 23
26 30 28
28 30 31
32 30 23
21 32 23
30 32 33
30 33 34
30 34 31
34 35 31
34 33 36
37 35 34
32 38 33
33 38 36
39 38 32
38 39 40
41 38 40
38 41 36
41 40 42
43 41 42
36 41 43
40 39 44
39 45 44
21 39 32
21 22 39
22 45 39
46 36 43
46 47 36
48 47 46
47 48 49
49 50 47
48 51 49
51 52 49
51 53 52
54 52 53
54 53 55
56 53 51
48 56 51
56 48 57
48 46 57
56 57 58
56 59 53
55 53 59
55 60 54
61 52 54
61 62 52
49 52 62
50 49 62
63 61 54
54 60 63
60 64 63
64 60 65
64 65 66
67 64 66
64 67 68
64 68 63
67 69 68
68 69 70
71 68 70
71 70 72
73 71 72
70 74 72
74 75 72
69 76 70
76 74 70
67 66 77
78 67 77
67 78 69
78 76 69
79 63 68
79 68 71
71 80 79
73 80 71
73 81 80
82 80 81
83 82 81
84 79 80
80 82 84
63 79 61
61 79 84
84 62 61
84 50 62
50 84 82
50 82 85
83 85 82
86 85 83
85 86 37
37 87 85
50 85 87
87 47 50
87 37 88
87 88 47
47 88 36
37 34 88
34 36 88
8 89 90
89 8 11
11 91 89
11 92 91
92 11 12
92 12 93
12 15 93
7 8 90
94 7 90
7 94 1
95 96 97
96 98 97
99 98 96
100 96 95
100 101 96
101 102 96
99 96 102
103 100 95
98 99 104
99 105 104
106 104 105
107 106 105
107 105 108
105 99 108
109 107 108
110 109 108
111 110 108
112 110 111
113 112 111
114 112 113
115 114 113
106 116 104
116 117 104
113 118 115
118 119 115
118 120 119
120 121 119
122 120 118
123 122 118
111 123 113
123 118 113
121 120 124
125 121 124
124 120 126
120 122 126
123 111 127
123 127 122
128 112 114
128 129 112
129 110 112
129 130 110
130 109 110
130 131 109
131 107 109
107 131 132
106 107 132
132 133 106
133 116 106
133 132 134
132 135 134
132 131 135
134 135 136
135 137 136
135 138 137
131 138 135
138 131 130
138 139 137
139 138 140
140 138 130
141 139 140
141 140 142
143 141 142
143 142 144
142 145 144
145 146 144
146 145 147
148 146 147
142 140 129
140 130 129
145 142 128
142 129 128
147 145 149
145 128 149
149 128 114
139 141 150
141 151 150
141 143 151
144 146 152
146 153 152
146 148 153
148 154 153
143 155 151
144 152 155
143 144 155
156 148 147
157 156 147
157 147 149
157 158 156
149 114 159
159 157 149
114 160 159
160 114 161
114 115 161
160 161 162
163 160 162
163 162 164
165 163 164
165 164 166
164 167 166
166 167 168
167 169 168
168 169 170
169 171 170
172 161 115
119 172 115
172 119 173
119 121 173
172 173 174
175 172 174
173 121 176
121 125 176
176 177 173
177 174 173
172 175 161
175 162 161
175 178 162
175 174 178
178 164 162
164 178 179
167 164 179
169 167 179
180 169 179
179 181 180
182 180 181
183 182 181
181 184 183
185 184 181
186 185 181
178 186 179
179 186 181
184 187 183
182 171 180
171 169 180
186 174 185
174 186 178
174 177 185
184 188 187
188 189 187
185 190 184
190 188 184
177 191 185
191 190 185
191 177 176
192 191 176
176 125 192
125 193 192
194 193 125
124 194 125
194 124 195
124 126 195
126 101 195
126 122 101
122 102 101
127 102 122
127 99 102
99 127 108
111 108 127
101 196 195
196 101 100
197 196 100
197 100 103
198 197 103
199 200 201
200 202 201
199 201 203
204 199 203
204 203 205
203 206 205
205 206 207
201 202 208
202 209 208
203 201 210
201 208 210
203 210 206
206 211 207
210 211 206
211 212 207
208 209 213
209 214 213
208 213 215
210 208 215
212 211 216
217 212 216
211 210 218
215 218 210
216 211 218
213 214 219
214 220 219
221 219 220
222 221 220
221 223 219
223 224 219
215 213 224
213 219 224
224 223 225
215 224 225
218 215 225
223 226 225
225 226 227
227 218 225
218 227 216
226 228 227
227 228 229
227 229 216
216 229 217
228 230 229
231 221 222
232 231 222
223 221 233
221 231 233
226 223 233
234 226 233
228 226 234
235 228 234
230 228 235
236 230 235
229 230 237
229 237 217
230 238 237
238 230 236
239 238 236
236 235 240
241 236 240
236 241 239
242 241 240
241 242 243
241 243 244
241 244 239
243 245 244
246 242 240
246 240 247
240 248 247
240 235 248
235 234 248
249 247 248
250 249 248
251 249 250
252 251 250
253 251 252
254 253 252
248 234 250
234 233 250
252 250 233
231 252 233
254 252 231
232 254 231
253 255 251
255 256 251
251 256 249
247 257 246
257 258 246
246 258 242
258 259 242
242 259 243
259 260 243
243 260 245
260 261 245
245 261 262
263 245 262
245 263 244
263 264 244
264 263 265
266 264 265
267 266 265
267 268 266
268 269 266
268 270 269
270 271 269
271 270 272
273 271 272
273 272 274
275 273 274
264 266 276
266 277 276
266 269 277
278 276 277
279 278 277
278 279 280
279 281 280
279 282 281
282 283 281
282 284 283
284 285 283
286 285 284
287 286 284
288 286 287
289 288 287
288 290 286
290 291 286
286 291 285
290 292 291
292 293 291
292 294 293
294 295 293
294 296 295
296 297 295
295 297 298
297 299 298
299 300 298
300 301 298
300 207 301
293 295 302
295 298 302
298 301 302
301 207 303
301 303 302
207 212 303
293 304 291
302 304 293
303 212 305
212 217 305
303 306 302
304 302 306
305 306 303
304 306 283
304 283 285
291 304 285
306 281 283
306 305 281
305 280 281
280 305 217
237 280 217
278 280 237
238 278 237
278 238 276
238 239 276
264 276 239
244 264 239
97 98 117
98 104 117
136 137 307
137 308 307
137 139 308
139 150 308
256 309 249
249 309 247
309 257 247
310 311 312
311 313 312
314 311 310
315 314 310
314 315 316
315 317 316
318 316 317
319 318 317
319 158 318
318 158 157
311 320 313
320 321 313
320 168 321
168 170 321
166 168 320
322 166 320
165 166 322
323 165 322
322 314 323
314 316 323
163 165 323
324 163 323
323 316 324
316 318 324
160 163 324
159 160 324
324 318 159
318 157 159
322 320 311
314 322 311
156 158 325
326 156 325
148 156 326
154 148 326
325 158 327
158 319 327
327 319 328
319 317 328
328 317 329
317 315 329
329 315 330
315 310 330
330 310 331
310 312 331
287 332 289
332 333 289
334 332 287
284 334 287
334 284 282
335 334 282
335 282 279
277 335 279
269 335 277
269 271 335
271 334 335
332 334 273
334 271 273
333 332 275
332 273 275
274 272 336
272 337 336
272 270 337
270 338 337
270 268 338
268 339 338
268 267 339
267 340 339
267 265 340
265 341 340
265 263 341
263 262 341
342 343 344
345 342 344
344 343 346
346 343 347
347 343 348
347 348 349
348 350 349
347 349 351
349 350 352
353 349 352
349 353 354
349 354 351
352 350 355
355 356 352
352 356 357
357 356 358
358 356 359
360 359 356
360 356 355
361 357 358
357 361 362
361 358 363
361 363 364
361 364 365
362 361 365
365 364 366
364 363 367
367 368 364
364 368 366
369 367 363
358 370 363
370 369 363
358 359 370
359 371 370
371 372 370
370 372 369
372 371 373
374 372 373
372 374 375
372 375 369
369 375 376
369 376 367
375 377 376
375 378 377
374 378 375
378 379 377
377 379 380
379 381 380
376 377 382
377 380 382
376 382 383
384 373 371
385 384 371
386 384 385
387 386 385
387 388 386
388 389 386
388 387 390
387 391 390
387 385 391
389 388 392
393 389 392
393 392 394
395 393 394
396 395 394
397 396 394
397 394 398
394 342 398
394 392 342
392 399 342
392 388 399
388 390 399
348 399 390
348 390 350
390 391 350
350 391 355
398 342 345
342 399 343
348 343 399
391 360 355
385 360 391
359 360 385
371 359 385
400 345 401
401 345 344
401 344 346
346 402 401
402 403 401
402 346 347
404 401 403
404 400 401
402 405 403
405 406 403
406 407 403
407 404 403
405 402 351
402 347 351
408 405 351
354 408 351
354 409 408
410 409 354
354 353 410
410 353 411
353 352 411
352 412 411
412 413 411
413 412 414
412 357 414
352 357 412
414 357 362
414 362 415
415 362 416
362 365 416
417 416 365
417 365 366
418 414 415
414 418 413
410 411 419
413 419 411
420 421 422
421 423 422
423 424 422
424 423 425
423 426 425
427 425 426
428 427 426
427 428 429
428 430 429
431 429 430
432 431 430
426 433 428
434 431 432
435 434 432
432 436 435
432 437 436
432 430 437
436 438 435
436 439 438
439 440 438
441 434 435
442 441 435
442 435 438
438 440 443
443 442 438
440 444 443
430 445 437
445 446 437
447 445 433
447 446 445
447 448 446
449 447 433
433 450 449
450 451 449
440 439 452
453 440 452
444 440 453
454 444 453
455 446 448
448 456 455
455 456 457
439 455 457
439 457 452
436 455 439
446 455 437
436 437 455
458 456 448
450 459 451
450 421 459
459 421 460
420 460 421
460 420 461
462 451 459
460 461 463
461 464 463
462 459 465
465 459 460
460 466 465
462 465 466
460 463 466
467 462 466
461 420 468
469 461 468
461 469 464
469 470 464
469 468 471
472 469 471
471 473 472
473 474 472
473 475 474
475 473 476
475 476 477
478 475 477
478 479 475
475 479 474
478 480 479
473 481 476
481 473 471
482 472 474
474 479 482
483 481 471
471 468 483
479 484 482
479 480 484
485 482 484
484 486 485
480 487 484
487 486 484
472 482 488
486 487 489
476 490 477
490 491 477
491 490 492
491 492 493
492 490 494
490 495 494
481 495 476
495 490 476
494 495 496
497 494 496
494 497 492
495 498 496
498 495 481
483 498 481
497 499 492
493 492 499
500 499 497
499 500 501
502 493 499
502 499 501
496 503 497
501 504 502
505 496 498
503 496 505
506 505 498
498 483 506
505 506 507
506 508 507
509 507 508
508 510 509
422 510 508
510 422 511
422 424 511
424 425 511
425 512 511
425 427 512
427 513 512
513 427 429
514 513 429
514 429 431
515 514 431
515 516 514
431 434 515
434 517 515
515 517 518
515 518 516
517 519 518
518 519 520
519 521 520
434 441 517
441 522 517
517 522 519
519 523 521
522 523 519
523 524 521
514 525 513
514 516 525
513 525 526
525 516 527
528 526 525
528 525 527
528 527 529
530 526 528
526 530 531
531 512 526
512 513 526
520 521 532
521 533 532
521 524 533
524 534 533
535 529 527
529 535 536
535 537 536
520 537 535
520 532 537
518 520 535
527 516 535
518 535 516
538 529 536
531 530 539
531 539 540
541 540 539
541 542 540
543 542 541
544 543 541
542 509 540
509 542 543
509 543 545
507 509 545
546 507 545
505 507 546
547 505 546
505 547 503
509 510 540
531 540 510
531 510 511
531 511 512
548 58 549
548 549 550
548 550 59
59 550 551
548 59 56
58 548 56
59 551 55
55 551 552
553 551 550
554 553 550
554 550 549
554 549 555
552 551 556
553 556 551
554 557 553
557 554 555
555 558 557
557 558 559
557 560 553
556 553 560
561 556 560
561 560 562
557 563 560
563 562 560
559 563 557
563 564 562
559 564 563
565 564 559
556 561 566
566 552 556
564 565 567
559 568 565
568 559 558
569 561 562
569 562 570
564 570 562
567 570 564
571 561 569
561 571 566
566 571 572
566 572 65
65 572 66
572 573 66
573 572 574
572 575 574
571 575 572
576 574 575
577 576 575
578 576 577
579 578 577
576 578 580
578 581 580
574 576 582
576 580 582
66 573 77
573 583 77
573 574 583
574 582 583
584 575 571
584 577 575
577 584 585
579 577 585
579 585 586
587 586 585
588 586 587
589 585 584
585 589 587
571 569 584
569 589 584
589 569 570
589 570 567
567 587 589
567 590 587
588 587 590
591 588 590
590 592 591
592 590 593
567 593 590
593 567 565
593 565 594
593 594 592
592 594 595
595 594 596
596 594 565
596 565 568
568 597 596
597 568 558
598 597 558
599 597 598
597 599 596
600 599 598
599 600 601
596 599 601
600 602 601
598 603 600
603 44 600
602 600 44
40 44 603
42 40 603
42 603 604
598 604 603
45 602 44
601 602 605
602 606 605
45 22 602
22 606 602
606 22 19
606 607 605
605 607 608
607 609 608
607 610 609
610 611 609
612 609 611
609 612 608
613 612 611
612 614 608
607 615 610
608 614 595
595 614 616
608 595 617
605 608 617
607 618 615
606 618 607
606 19 618
619 615 618
618 19 620
619 618 620
19 18 620
4 619 620
5 4 620
5 620 6
620 18 6
4 621 619
621 4 622
623 622 4
622 623 624
3 623 4
624 623 625
623 626 625
626 623 3
3 627 626
2 627 3
60 628 65
60 552 628
628 566 65
566 628 552
60 55 552
450 426 423
450 433 426
450 423 421
433 445 428
430 428 445
629 75 630
75 74 630
630 74 631
74 76 631
76 78 631
78 632 631
78 77 632
77 633 632
630 631 634
631 632 634
635 630 634
629 630 635
632 636 634
632 633 636
633 637 636
638 629 635
639 633 77
583 639 77
640 639 583
582 640 583
582 580 640
580 641 640
580 581 641
581 642 641
640 641 643
640 643 639
641 644 643
644 641 642
643 645 639
639 645 633
645 637 633
646 644 642
441 442 647
442 648 647
442 649 648
650 647 648
651 650 648
648 649 651
649 652 651
442 443 649
652 649 653
649 443 653
443 444 653
444 654 653
654 444 655
444 454 655
653 654 656
656 652 653
654 657 656
657 654 658
654 655 658
659 647 650
647 659 522
522 659 660
661 659 650
659 661 660
661 662 660
522 660 523
663 660 662
660 663 523
523 663 524
663 664 524
524 664 665
534 524 665
663 666 664
666 663 662
666 667 664
665 664 668
664 667 668
441 647 522
669 670 671
672 669 671
673 672 671
674 673 671
675 674 671
676 675 671
670 677 671
677 678 671
678 679 671
679 680 671
376 383 367
367 383 368
46 43 57
57 43 42
42 58 57
42 604 58
58 604 549
549 604 555
598 555 604
558 555 598
681 682 683
681 683 684
685 681 684
685 684 686
687 685 686
687 688 685
688 689 685
689 690 685
690 681 685
691 683 682
692 691 682
692 693 691
691 693 694
693 695 694
695 696 694
696 695 697
698 696 697
695 699 697
700 699 695
701 699 700
699 701 702
699 703 697
704 703 699
704 699 702
704 702 705
704 706 703
704 707 706
707 704 705
707 708 706
696 698 709
694 696 709
709 698 710
710 698 711
703 711 697
698 697 711
703 712 711
703 706 712
706 713 712
713 706 708
713 708 714
715 713 714
716 715 714
717 715 716
718 717 716
718 716 719
720 718 719
719 716 721
716 714 721
714 722 721
714 708 722
708 723 722
724 711 712
724 710 711
725 724 712
715 725 713
725 712 713
724 725 726
725 727 726
725 715 727
715 717 727
726 728 724
728 710 724
710 728 729
730 710 729
730 729 731
729 732 731
731 733 730
733 709 730
730 709 710
684 731 732
686 684 732
684 683 731
683 733 731
694 709 733
691 733 683
691 694 733
734 735 681
736 735 734
737 736 734
737 738 736
736 739 735
739 736 740
735 739 682
681 735 682
739 692 682
692 739 740
741 692 740
690 734 681
736 742 740
738 742 736
742 743 740
741 740 743
744 741 743
745 741 744
745 693 741
693 692 741
693 745 746
738 747 742
742 748 743
747 748 742
695 693 746
695 746 749
700 695 749
750 745 744
745 750 751
751 746 745
746 751 749
751 752 749
753 749 752
753 700 749
701 700 753
753 754 701
701 754 755
701 755 702
702 755 756
702 756 705
757 705 756
757 758 705
758 707 705
758 723 707
708 707 723
759 760 761
762 760 759
763 760 762
764 760 763
765 760 764
766 760 765
761 760 767
767 760 768
768 760 769
769 760 770
617 596 601
601 605 617
595 596 617
592 595 616
469 472 488
488 470 469
468 420 771
420 772 771
468 771 483
771 772 508
506 771 508
483 771 506
772 420 422
772 422 508
773 774 775
774 773 776
773 777 776
778 779 780
779 781 780
782 779 778
783 782 778
782 783 784
782 784 785
786 782 785
787 786 785
786 787 788
789 790 791
789 791 792
792 793 789
793 794 789
789 794 790
791 795 792
795 791 796
797 796 791
790 797 791
798 795 796
798 796 799
796 800 799
796 797 800
799 800 801
800 802 801
801 802 797
797 802 800
803 790 794
803 794 793
804 803 793
805 806 807
806 808 807
807 809 805
810 811 812
811 813 812
810 812 814
815 810 814
814 816 815
814 817 816
814 818 817
818 819 817
818 820 819
821 822 823
822 821 824
824 821 825
825 821 826
821 827 826
827 821 823
826 827 828
827 829 828
827 823 829
830 824 825
824 830 831
832 824 831
822 824 832
832 831 833
834 832 833
833 822 834
834 822 832
835 829 823
828 829 835
836 828 835
837 838 839
838 840 839
839 840 841
840 842 841
842 843 841
843 844 841
845 838 837
846 845 837
847 845 846
848 847 846
847 848 849
850 847 849
850 849 851
852 850 851
852 851 853
854 852 853
855 856 857
858 855 857
859 858 857
860 859 857
861 860 857
862 861 857
863 862 857
856 863 857
864 865 866
865 867 866
867 868 866
868 869 866
869 870 866
870 871 866
871 872 866
872 864 866
873 874 875
875 874 876
874 877 876
876 877 878
878 877 879
878 879 880
880 879 881
879 882 881
883 878 880
884 878 883
884 876 878
885 884 883
882 886 881
886 887 881
887 886 888
886 889 888
889 890 888
890 891 888
890 892 891
892 893 891
892 894 893
894 895 893
890 889 896
897 890 896
896 889 898
889 886 898
898 886 882
899 898 882
899 882 879
900 899 879
877 900 879
901 894 892
902 901 892
897 902 890
902 892 890
903 897 896
904 903 896
904 905 903
905 906 903
906 907 903
907 908 903
902 908 901
903 908 897
908 902 897
907 909 908
909 910 908
908 910 901
911 905 904
912 911 904
904 896 912
896 898 912
877 913 900
900 913 899
911 912 914
915 911 914
914 916 915
916 917 915
918 917 916
913 916 919
916 914 919
899 919 898
919 912 898
899 913 919
919 914 912
918 916 873
920 918 873
875 920 873
913 874 916
874 873 916
877 874 913
915 917 921
917 918 921
922 915 921
911 915 922
923 911 922
905 911 923
924 905 923
906 905 924
925 906 924
918 926 921
918 920 926
920 927 926
906 925 928
907 906 928
907 928 929
909 907 929
888 891 930
891 931 930
888 930 932
887 888 932
881 887 932
933 881 932
880 881 933
934 880 933
883 880 934
935 883 934
885 883 935
936 885 935
891 893 931
893 937 931
937 893 938
893 895 938
939 940 941
940 942 941
942 943 941
943 942 944
943 944 945
945 944 946
945 946 947
948 945 947
944 949 946
944 950 949
942 950 944
950 951 949
948 947 952
947 953 952
952 953 954
955 952 954
955 954 956
954 957 956
956 957 958
957 959 958
958 959 960
959 961 960
955 956 962
956 963 962
952 955 964
955 962 964
948 952 964
965 948 964
945 948 965
966 945 965
966 943 945
958 960 967
968 958 967
963 956 968
956 958 968
962 963 969
970 962 969
971 970 969
972 971 969
972 969 973
969 974 973
974 968 967
969 963 974
963 968 974
973 974 975
974 976 975
976 974 967
971 977 970
977 978 970
962 970 978
964 962 978
943 966 979
980 978 977
981 980 977
980 981 982
982 981 983
984 982 983
980 982 985
982 979 985
978 985 964
985 978 980
985 965 964
965 985 979
966 965 979
984 939 982
984 986 939
986 940 939
979 982 941
982 939 941
943 979 941
983 981 987
983 987 984
981 988 987
981 977 988
977 989 988
977 971 989
971 990 989
971 972 990
972 991 990
992 991 972
973 992 972
993 992 973
975 993 973
987 994 984
984 994 986
994 995 986
954 996 957
996 997 957
998 996 954
953 998 954
953 947 998
947 999 998
947 946 999
946 1000 999
946 949 1000
949 1001 1000
949 951 1001
951 1002 1001
957 997 959
997 1003 959
959 1003 1004
961 959 1004
1005 1006 1007
1006 1008 1007
1007 1008 1009
1008 1010 1009
1007 1009 1011
1012 1007 1011
1005 1007 1012
1013 1008 1006
1010 1008 1013
1014 1013 1006
1013 1014 1015
1016 1013 1015
1017 1013 1016
1017 1010 1013
1018 1017 1016
1014 1019 1015
1019 1020 1015
1021 1015 1020
1022 1021 1020
1019 1014 1023
1014 1006 1023
1006 1005 1023
1005 1024 1023
1024 1005 1025
1025 1005 1012
1026 1024 1025
1023 1024 1027
1028 1023 1027
1023 1028 1019
1029 1018 1016
1030 1029 1016
1031 1030 1021
1032 1031 1021
1031 1033 1030
1033 1029 1030
1021 1030 1015
1030 1016 1015
1028 1027 1034
1028 1034 1035
1036 1035 1034
1035 1036 1037
1037 1038 1035
1038 1039 1035
1039 1028 1035
1036 1040 1037
1041 1037 1040
1042 1041 1040
1043 1041 1042
1043 1044 1041
1044 1045 1041
1041 1045 1037
1045 1038 1037
1046 1043 1042
1047 1036 1034
1034 1048 1047
1027 1048 1034
1048 1027 1049
1027 1050 1049
1050 1027 1024
1026 1050 1024
1050 1026 1051
1026 1052 1051
1052 1026 1053
1026 1025 1053
1051 1052 1054
1055 1051 1054
1053 1025 1056
1025 1012 1056
1056 1012 1057
1012 1011 1057
1056 1058 1053
1058 1056 1057
1058 1059 1053
1053 1059 1052
1059 1054 1052
1054 1059 1060
1061 1054 1060
1055 1054 1061
1061 1060 1062
1063 1061 1062
1064 1061 1063
1064 1055 1061
1065 1064 1063
1064 1065 1066
1065 1067 1066
1068 1066 1067
1069 1068 1067
1070 1068 1069
1071 1070 1069
1069 1072 1071
1071 1072 1073
1067 1065 1074
1075 1067 1074
1067 1075 1069
1075 1072 1069
1060 1076 1062
1076 1077 1062
1074 1065 1078
1065 1063 1078
1063 1062 1078
1079 1062 1077
1062 1079 1078
1080 1079 1077
1080 1077 1081
1077 1082 1081
1077 1076 1082
1068 1070 1083
1076 1058 1082
1059 1058 1076
1060 1059 1076
1082 1058 1057
1081 1082 1057
1080 1081 1084
1068 1083 1085
1083 1086 1085
1086 1087 1085
1087 1088 1085
1089 1088 1087
1088 1089 1090
1091 1090 1089
1092 1091 1089
1091 1092 1093
1091 1093 1094
1095 1091 1094
1090 1091 1095
1095 1094 1096
1097 1095 1096
1096 1098 1097
1098 1099 1097
1100 1099 1098
1101 1100 1098
1102 1100 1101
1102 1103 1100
1103 1104 1100
1100 1104 1099
1105 1102 1101
1105 1101 1106
1107 1105 1106
1107 1106 1108
1109 1107 1108
1110 1107 1109
1098 1111 1101
1111 1106 1101
1098 1096 1111
1096 1112 1111
1110 1113 1107
1113 1105 1107
1113 1114 1105
1114 1102 1105
1104 1103 1042
1040 1104 1042
1114 1115 1102
1115 1103 1102
1104 1040 1116
1104 1116 1099
1099 1116 1097
1116 1117 1097
1117 1118 1097
1118 1095 1097
1118 1090 1095
1119 1090 1118
1120 1119 1118
1120 1118 1117
1047 1117 1116
1047 1120 1117
1120 1047 1048
1049 1120 1048
1049 1121 1120
1120 1121 1119
1049 1122 1121
1036 1047 1116
1040 1036 1116
1119 1088 1090
1050 1122 1049
1119 1123 1088
1121 1123 1119
1088 1123 1124
1124 1123 1066
1123 1125 1066
1122 1125 1121
1125 1123 1121
1066 1125 1064
1125 1055 1064
1125 1122 1055
1122 1051 1055
1051 1122 1050
1066 1068 1124
1068 1085 1124
1088 1124 1085
1126 1127 1128
1128 1127 1129
1127 1126 1130
1131 1127 1130
1129 1127 1132
1127 1133 1132
1127 1131 1133
1131 1022 1133
1131 1130 1134
1135 1131 1134
1022 1131 1135
1132 1133 1044
1136 1132 1044
1136 1044 1043
1137 1136 1043
1043 1046 1137
1046 1138 1137
1021 1022 1135
1022 1045 1133
1045 1044 1133
1038 1045 1022
1020 1038 1022
1039 1038 1020
1019 1039 1020
1028 1039 1019
1134 1032 1135
1032 1021 1135
1115 1138 1046
1115 1046 1103
1046 1042 1103
1139 1140 1141
1140 1142 1141
1143 1141 1142
1144 1143 1142
1142 1109 1144
1140 1109 1142
1109 1108 1144
1144 1108 1145
1146 1144 1145
1143 1144 1146
1145 1147 1146
1108 1106 1145
1106 1111 1145
1110 1109 1140
1148 1143 1146
1146 1147 1148
1147 1149 1148
1147 1150 1149
1150 1147 1151
1147 1112 1151
1112 1145 1111
1112 1147 1145
1150 1151 1152
1153 1150 1152
1154 1153 1152
1155 1154 1152
1094 1151 1112
1096 1094 1112
1152 1151 1093
1151 1094 1093
1093 1156 1152
1156 1155 1152
1157 1155 1156
1158 1157 1156
1158 1156 1159
1156 1092 1159
1092 1156 1093
1159 1092 1160
1092 1089 1160
1160 1089 1087
1154 1155 1161
1155 1157 1161
1154 1161 1162
1163 1154 1162
1153 1154 1163
1164 1153 1163
1153 1164 1165
1150 1153 1165
1150 1165 1149
1163 1162 1166
1167 1163 1166
1164 1163 1167
1167 1166 1168
1169 1167 1168
1168 1170 1169
1170 1171 1169
1170 1172 1171
1172 1173 1171
1171 1173 1174
1173 1175 1174
1174 1175 1176
1177 1174 1176
1177 1176 1178
1179 1177 1178
1179 1178 1180
1181 1179 1180
1180 1182 1181
1182 1183 1181
1174 1177 1184
1169 1171 1184
1171 1174 1184
1177 1185 1184
1185 1177 1179
1184 1185 1186
1185 1187 1186
1188 1185 1179
1187 1185 1188
1188 1179 1181
1189 1187 1188
1190 1188 1181
1189 1188 1190
1190 1181 1183
1191 1189 1190
1192 1190 1183
1191 1190 1192
1193 1191 1192
1182 1194 1183
1194 1195 1183
1196 1195 1194
1197 1196 1194
1195 1196 1198
1199 1195 1198
1192 1183 1199
1183 1195 1199
1197 1194 1200
1201 1197 1200
1200 1194 1202
1194 1182 1202
1182 1180 1202
1180 1203 1202
1180 1178 1203
1178 1204 1203
1204 1178 1205
1178 1176 1205
1176 1175 1205
1175 1206 1205
1206 1175 1173
1207 1206 1173
1207 1173 1172
1208 1207 1172
1200 1202 1209
1210 1205 1206
1204 1205 1210
1211 1210 1206
1211 1206 1207
1212 1203 1204
1212 1213 1209
1214 1213 1212
1215 1214 1212
1215 1212 1204
1215 1204 1210
1214 1215 1210
1213 1216 1209
1217 1209 1216
1218 1217 1216
1219 1217 1218
1220 1219 1218
1217 1200 1209
1219 1201 1217
1201 1200 1217
1209 1202 1212
1202 1203 1212
1218 1221 1220
1216 1222 1218
1222 1221 1218
1216 1213 1222
1213 1223 1222
1214 1223 1213
1214 1224 1223
1225 1224 1214
1225 1214 1226
1227 1225 1226
1226 1228 1227
1224 1229 1223
1225 1230 1224
1231 1220 1221
1232 1231 1221
1233 1224 1230
1224 1233 1229
1234 1231 1232
1228 1235 1227
1236 1235 1228
1211 1236 1228
1211 1228 1226
1235 1236 1237
1238 1235 1237
1236 1211 1207
1237 1236 1208
1236 1207 1208
1235 1239 1227
1239 1235 1238
1239 1238 1240
1239 1240 1241
1240 1242 1241
1210 1211 1226
1226 1214 1210
1199 1243 1192
1243 1193 1192
1244 1243 1199
1198 1244 1199
1193 1243 1141
1143 1193 1141
1244 1139 1243
1139 1141 1243
1193 1143 1191
1143 1148 1191
1189 1191 1148
1149 1189 1148
1189 1149 1165
1187 1189 1165
1165 1164 1187
1164 1186 1187
1186 1164 1167
1184 1186 1167
1169 1184 1167
1245 1246 1247
1246 1248 1247
1248 1246 1249
1250 1248 1249
1251 1250 1249
1252 1247 1248
1249 1246 1253
1249 1253 1254
1251 1249 1254
1254 1255 1251
1255 1256 1251
1255 1257 1256
1257 1258 1256
1254 1253 1259
1256 1258 1260
1261 1256 1260
1251 1256 1261
1262 1251 1261
1259 1263 1254
1259 1264 1263
1264 1265 1263
1266 1265 1264
1267 1266 1264
1268 1266 1267
1269 1268 1267
1269 1270 1268
1270 1271 1268
1272 1271 1270
1273 1272 1270
1274 1272 1273
1275 1274 1273
1275 1273 1276
1277 1275 1276
1278 1274 1275
1279 1278 1275
1279 1280 1278
1280 1281 1278
1281 1280 1282
1280 1283 1282
1280 1279 1283
1283 1284 1282
1285 1281 1282
1286 1285 1282
1287 1286 1282
1287 1282 1288
1282 1284 1288
1279 1289 1283
1277 1289 1275
1289 1279 1275
1289 1277 1290
1290 1277 1276
1291 1289 1290
1287 1292 1286
1288 1293 1287
1293 1294 1287
1287 1294 1292
1294 1293 1295
1295 1293 1296
1293 1297 1296
1297 1293 1288
1297 1298 1296
1298 1297 1299
1297 1300 1299
1300 1297 1301
1301 1297 1288
1302 1300 1301
1302 1303 1300
1303 1302 1304
1303 1305 1300
1300 1305 1299
1305 1303 1306
1307 1305 1306
1307 1308 1305
1308 1309 1305
1305 1309 1299
1306 1303 1310
1303 1304 1310
1310 1304 1311
1312 1311 1304
1311 1312 1313
1312 1314 1313
1291 1314 1312
1315 1291 1312
1313 1314 1316
1316 1317 1313
1317 1318 1313
1311 1313 1318
1314 1319 1316
1320 1311 1318
1320 1310 1311
1321 1315 1312
1322 1321 1312
1321 1322 1302
1322 1312 1304
1302 1322 1304
1317 1316 1276
1316 1319 1276
1317 1276 1273
1270 1317 1273
1317 1270 1318
1319 1290 1276
1319 1314 1290
1314 1291 1290
1315 1321 1284
1284 1321 1301
1301 1321 1302
1288 1284 1301
1320 1318 1269
1270 1269 1318
1267 1320 1269
1310 1320 1267
1264 1310 1267
1310 1264 1306
1264 1259 1306
1306 1259 1307
1259 1253 1307
1246 1307 1253
1246 1245 1307
1308 1307 1245
1283 1315 1284
1283 1289 1315
1289 1291 1315
1323 1324 1325
1324 1295 1325
1295 1324 1326
1324 1327 1326
1326 1294 1295
1292 1294 1326
1326 1328 1292
1326 1327 1328
1292 1328 1329
1328 1330 1329
1331 1329 1330
1332 1331 1330
1330 1328 1333
1332 1330 1333
1328 1334 1333
1335 1332 1333
1295 1336 1325
1336 1295 1296
1328 1337 1334
1328 1327 1337
1327 1338 1337
1327 1324 1338
1324 1339 1338
1340 1339 1324
1323 1340 1324
1341 1342 1343
1342 1344 1343
1344 1342 1345
1346 1344 1345
1346 1345 1347
1348 1346 1347
1349 1341 1343
1350 1349 1343
1349 1350 1351
1350 1352 1351
1352 1353 1351
1354 1355 1356
1355 1357 1356
1354 1356 1358
1359 1360 1248
1248 1360 1361
1252 1248 1361
1359 1248 1250
1250 1362 1359
1250 1251 1362
1251 1262 1362
1363 1364 1365
1364 1366 1365
1363 1365 1367
1365 1368 1367
1369 1370 1371
1370 1372 1371
1370 1373 1372
1373 1374 1372
1375 1373 1370
1376 1375 1370
1376 1370 1369
1371 1372 1377
1377 1372 1374
1378 1371 1377
1378 1377 1379
1377 1380 1379
1380 1377 1381
1381 1377 1374
1382 1380 1381
1378 1379 1383
1379 1384 1383
1384 1379 1385
1386 1384 1385
1383 1387 1378
1387 1371 1378
1371 1387 1369
1387 1388 1369
1389 1369 1388
1389 1376 1369
1390 1389 1388
1388 1387 1391
1387 1392 1391
1387 1383 1392
1382 1393 1380
1393 1394 1380
1394 1395 1385
1395 1396 1385
1393 1397 1394
1397 1395 1394
1380 1394 1379
1394 1385 1379
1391 1392 1398
1399 1398 1392
1398 1399 1400
1399 1401 1400
1402 1401 1399
1403 1402 1399
1403 1399 1392
1401 1404 1400
1404 1401 1405
1406 1404 1405
1405 1407 1406
1408 1407 1405
1409 1408 1405
1405 1401 1409
1401 1402 1409
1407 1410 1406
1411 1398 1400
1398 1411 1412
1412 1391 1398
1391 1412 1413
1414 1391 1413
1388 1391 1414
1390 1388 1414
1414 1415 1390
1415 1416 1390
1416 1417 1390
1417 1389 1390
1418 1416 1415
1419 1418 1415
1417 1420 1389
1420 1376 1389
1420 1421 1376
1421 1375 1376
1420 1417 1422
1420 1422 1421
1417 1423 1422
1417 1416 1423
1416 1418 1423
1424 1423 1418
1425 1424 1418
1418 1419 1425
1424 1425 1426
1425 1427 1426
1425 1428 1427
1419 1428 1425
1428 1429 1427
1429 1428 1430
1431 1429 1430
1430 1432 1431
1432 1433 1431
1432 1434 1433
1434 1435 1433
1433 1435 1436
1436 1435 1437
1429 1431 1438
1431 1439 1438
1431 1433 1439
1433 1436 1439
1440 1424 1426
1441 1440 1426
1429 1438 1442
1427 1429 1442
1427 1442 1426
1426 1443 1441
1442 1443 1426
1443 1444 1441
1444 1445 1441
1445 1446 1441
1440 1441 1446
1424 1440 1423
1440 1422 1423
1422 1440 1446
1422 1446 1421
1445 1421 1446
1444 1447 1445
1448 1449 1450
1449 1451 1450
1449 1448 1452
1448 1453 1452
1448 1450 1454
1453 1448 1454
1450 1455 1454
1386 1453 1454
1456 1452 1453
1457 1456 1453
1457 1453 1386
1454 1455 1408
1455 1458 1408
1408 1458 1407
1458 1459 1407
1407 1459 1410
1459 1460 1410
1385 1457 1386
1386 1454 1409
1454 1408 1409
1409 1402 1386
1402 1384 1386
1384 1402 1403
1383 1384 1403
1383 1403 1392
1385 1396 1457
1396 1456 1457
1461 1410 1460
1461 1462 1410
1462 1461 1463
1462 1463 1464
1465 1462 1464
1466 1464 1463
1467 1466 1463
1468 1466 1467
1469 1468 1467
1468 1469 1470
1469 1471 1470
1472 1471 1469
1464 1466 1473
1474 1464 1473
1465 1464 1474
1473 1466 1475
1466 1468 1475
1474 1473 1476
1473 1477 1476
1477 1473 1475
1478 1477 1475
1472 1469 1479
1469 1467 1479
1479 1467 1480
1467 1463 1480
1481 1476 1477
1482 1481 1477
1477 1478 1482
1478 1483 1482
1478 1484 1483
1484 1485 1483
1483 1485 1486
1485 1487 1486
1487 1488 1486
1488 1489 1486
1490 1481 1482
1491 1490 1482
1482 1483 1491
1483 1486 1491
1491 1486 1492
1486 1489 1492
1492 1489 1493
1494 1492 1493
1494 1495 1492
1495 1496 1492
1492 1496 1491
1496 1490 1491
1495 1497 1496
1497 1498 1496
1490 1496 1498
1499 1490 1498
1481 1490 1499
1500 1481 1499
1499 1501 1500
1501 1502 1500
1476 1481 1500
1503 1476 1500
1503 1500 1502
1503 1504 1476
1504 1474 1476
1504 1465 1474
1503 1411 1504
1411 1503 1502
1412 1411 1502
1413 1412 1502
1413 1502 1505
1502 1501 1505
1413 1505 1506
1411 1400 1504
1400 1404 1504
1404 1465 1504
1404 1406 1465
1406 1462 1465
1410 1462 1406
1414 1413 1506
1415 1414 1506
1415 1506 1419
1506 1507 1419
1507 1506 1505
1419 1507 1428
1507 1430 1428
1507 1508 1430
1508 1507 1505
1508 1509 1430
1510 1509 1508
1501 1510 1508
1501 1499 1510
1499 1498 1510
1510 1498 1511
1510 1511 1512
1510 1512 1509
1511 1513 1512
1512 1513 1514
1432 1512 1514
1512 1432 1509
1432 1430 1509
1432 1514 1434
1498 1497 1511
1505 1501 1508
1515 1516 1517
1516 1518 1517
1515 1517 1519
1520 1515 1519
1471 1515 1520
1516 1515 1471
1470 1471 1520
1521 1470 1520
1522 1521 1520
1520 1519 1522
1521 1522 1484
1470 1521 1468
1521 1475 1468
1472 1516 1471
1519 1523 1522
1484 1522 1523
1524 1484 1523
1485 1484 1524
1525 1485 1524
1485 1525 1487
1525 1526 1487
1487 1526 1527
1488 1487 1527
1488 1527 1528
1529 1488 1528
1488 1529 1489
1529 1493 1489
1530 1528 1527
1531 1530 1527
1527 1526 1531
1532 1530 1531
1533 1532 1531
1534 1532 1533
1535 1534 1533
1536 1534 1535
1537 1536 1535
1537 1535 1538
1539 1537 1538
1540 1539 1538
1541 1540 1538
1540 1541 1542
1541 1543 1542
1542 1543 1544
1543 1545 1544
1546 1544 1545
1547 1546 1545
1538 1548 1541
1538 1535 1548
1535 1533 1548
1548 1549 1541
1541 1549 1543
1548 1550 1549
1550 1551 1549
1549 1552 1543
1549 1551 1552
1543 1552 1545
1551 1553 1552
1552 1554 1545
1552 1553 1554
1545 1554 1547
1553 1555 1554
1554 1556 1547
1554 1555 1556
1555 1557 1556
1558 1546 1547
1559 1558 1547
1558 1559 1560
1561 1558 1560
1559 1562 1560
1556 1562 1547
1562 1559 1547
1562 1563 1560
1564 1558 1561
1565 1564 1561
1564 1566 1558
1566 1546 1558
1546 1566 1544
1566 1567 1544
1544 1567 1542
1567 1568 1542
1568 1569 1542
1569 1540 1542
1540 1569 1539
1569 1570 1539
1539 1570 1537
1570 1571 1537
1537 1571 1536
1571 1572 1536
1573 1566 1564
1574 1573 1564
1575 1573 1574
1576 1575 1574
1574 1577 1576
1577 1578 1576
1573 1575 1579
1580 1573 1579
1579 1581 1580
1581 1582 1580
1577 1574 1565
1574 1564 1565
1580 1582 1568
1567 1580 1568
1573 1580 1566
1580 1567 1566
1582 1583 1568
1582 1581 1583
1583 1569 1568
1569 1583 1570
1583 1584 1570
1570 1584 1571
1584 1585 1571
1584 1586 1585
1586 1587 1585
1585 1587 1588
1587 1589 1588
1571 1585 1572
1585 1588 1572
1590 1589 1587
1587 1591 1590
1586 1591 1587
1592 1591 1586
1583 1592 1584
1592 1586 1584
1581 1592 1583
1593 1592 1581
1591 1592 1593
1593 1581 1594
1581 1595 1594
1581 1579 1595
1595 1579 1596
1579 1575 1596
1596 1575 1576
1597 1596 1576
1576 1578 1597
1594 1595 1598
1593 1594 1599
1600 1597 1578
1601 1597 1600
1602 1599 1594
1594 1598 1602
1603 1601 1600
1461 1480 1463
1562 1556 1604
1556 1557 1604
1562 1604 1605
1563 1562 1605
1517 1604 1557
1519 1517 1557
1605 1604 1518
1604 1517 1518
1519 1557 1555
1523 1519 1555
1523 1555 1553
1524 1523 1553
1524 1553 1525
1553 1551 1525
1526 1525 1551
1550 1526 1551
1526 1550 1531
1550 1548 1531
1548 1533 1531
1478 1475 1521
1478 1521 1484
1590 1606 1607
1590 1607 1589
1607 1606 1608
1609 1610 1611
1610 1612 1611
1613 1610 1609
1614 1613 1609
1615 1613 1614
1616 1609 1611
1610 1613 1617
1613 1618 1617
1615 1618 1613
1619 1618 1615
1620 1619 1615
1621 1619 1620
1622 1621 1620
1618 1623 1617
1624 1622 1620
1625 1624 1620
1625 1620 1615
1626 1625 1615
1623 1618 1627
1628 1623 1627
1629 1628 1627
1629 1630 1628
1630 1631 1628
1631 1630 1632
1633 1631 1632
1633 1632 1634
1632 1635 1634
1634 1635 1636
1637 1634 1636
1636 1638 1637
1638 1639 1637
1640 1637 1639
1641 1640 1639
1638 1642 1639
1642 1643 1639
1644 1643 1642
1645 1644 1642
1646 1644 1645
1644 1646 1647
1644 1647 1643
1646 1648 1647
1649 1646 1645
1649 1650 1646
1650 1651 1646
1648 1646 1652
1646 1651 1652
1647 1653 1643
1641 1639 1653
1639 1643 1653
1654 1641 1653
1640 1641 1654
1655 1654 1653
1651 1650 1656
1657 1652 1651
1658 1657 1651
1651 1656 1658
1657 1658 1659
1657 1659 1660
1657 1660 1661
1652 1657 1661
1660 1662 1661
1661 1662 1663
1664 1661 1663
1665 1661 1664
1665 1652 1661
1666 1665 1664
1665 1666 1667
1668 1667 1666
1669 1668 1666
1669 1666 1664
1670 1665 1667
1671 1669 1664
1664 1663 1671
1672 1669 1671
1673 1672 1671
1674 1673 1671
1675 1674 1671
1663 1675 1671
1668 1669 1676
1669 1672 1676
1667 1668 1677
1670 1667 1677
1668 1678 1677
1668 1676 1678
1677 1678 1679
1680 1677 1679
1680 1655 1677
1655 1681 1677
1681 1670 1677
1680 1679 1682
1683 1682 1679
1684 1683 1679
1684 1679 1678
1685 1680 1682
1686 1684 1678
1676 1686 1678
1683 1640 1682
1640 1685 1682
1637 1640 1683
1634 1637 1683
1683 1684 1634
1685 1640 1654
1655 1680 1654
1680 1685 1654
1655 1653 1681
1653 1647 1681
1647 1648 1681
1648 1670 1681
1670 1648 1665
1648 1652 1665
1633 1684 1686
1684 1633 1634
1631 1633 1686
1631 1686 1676
1628 1631 1676
1676 1672 1628
1672 1623 1628
1672 1673 1623
1673 1617 1623
1673 1610 1617
1610 1673 1612
1674 1612 1673
1687 1688 1689
1689 1688 1659
1659 1690 1689
1690 1691 1689
1658 1690 1659
1656 1690 1658
1690 1656 1692
1690 1692 1691
1692 1656 1693
1694 1692 1693
1694 1693 1695
1696 1694 1695
1694 1697 1692
1694 1696 1697
1697 1698 1692
1696 1699 1697
1688 1700 1659
1659 1700 1660
1692 1698 1701
1692 1701 1691
1691 1701 1702
1691 1702 1689
1689 1702 1703
1703 1704 1689
1704 1687 1689
1705 1706 1707
1706 1708 1707
1709 1706 1705
1710 1709 1705
1711 1709 1710
1712 1711 1710
1708 1713 1707
1713 1714 1707
1713 1715 1714
1715 1716 1714
1716 1715 1717
1718 1719 1720
1719 1721 1720
1721 1722 1720
1723 1609 1724
1725 1724 1609
1616 1725 1609
1723 1614 1609
1614 1723 1726
1614 1726 1615
1615 1726 1626
1727 1728 1729
1728 1730 1729
1729 1730 1731
1732 1729 1731
1733 1734 1735
1734 1736 1735
1733 1735 1737
1738 1733 1737
1738 1737 1739
1737 1740 1739
1734 1741 1736
1741 1742 1736
1741 1743 1742
1743 1744 1742
1745 1744 1743
1746 1745 1743
1747 1745 1746
1748 1747 1746
1749 1747 1748
1750 1749 1748
1751 1752 1753
1754 1752 1751
1755 1752 1754
1756 1752 1755
1757 1752 1756
1758 1752 1757
1759 1752 1758
1753 1752 1759
1760 1761 1762
1762 1761 1763
1763 1761 1764
1764 1761 1765
1765 1761 1766
1766 1761 1767
1767 1761 1768
1768 1761 1760
1769 1770 1771
1770 1772 1771
1770 1769 1773
1774 1770 1773
1773 1775 1774
1775 1776 1774
1775 1777 1776
1777 1778 1776
1771 1772 1779
1772 1780 1779
1779 1780 1781
1780 1782 1781
1783 1770 1774
1772 1770 1783
1784 1783 1774
1784 1774 1776
1785 1784 1776
1776 1778 1785
1772 1786 1780
1786 1772 1783
1786 1787 1780
1787 1788 1780
1788 1782 1780
1789 1784 1785
1790 1784 1789
1791 1789 1785
1789 1791 1792
1791 1793 1792
1794 1792 1793
1795 1794 1793
1794 1795 1796
1797 1794 1796
1795 1798 1796
1798 1799 1796
1797 1796 1800
1800 1796 1799
1801 1797 1800
1802 1797 1801
1794 1797 1802
1803 1802 1801
1804 1802 1803
1804 1805 1802
1805 1806 1802
1806 1794 1802
1794 1806 1792
1807 1806 1805
1808 1807 1805
1807 1808 1809
1808 1810 1809
1811 1807 1809
1812 1811 1809
1809 1810 1813
1814 1804 1803
1814 1803 1815
1815 1803 1801
1814 1815 1816
1815 1817 1816
1815 1818 1817
1818 1819 1817
1820 1817 1819
1821 1820 1819
1822 1821 1819
1823 1822 1819
1819 1818 1823
1822 1823 1824
1823 1825 1824
1825 1823 1826
1818 1826 1823
1827 1825 1826
1800 1827 1826
1827 1800 1799
1820 1828 1817
1828 1816 1817
1818 1815 1801
1818 1801 1826
1801 1800 1826
1829 1830 1831
1830 1832 1831
1831 1832 1833
1832 1834 1833
1834 1832 1835
1835 1832 1830
1836 1834 1835
1837 1835 1830
1835 1837 1838
1835 1838 1839
1839 1838 1840
1838 1841 1840
1838 1842 1841
1837 1842 1838
1842 1843 1841
1844 1840 1841
1845 1844 1841
1841 1843 1845
1836 1835 1846
1835 1839 1846
1847 1846 1839
1847 1839 1848
1848 1839 1840
1849 1847 1848
1850 1849 1848
1849 1850 1851
1850 1852 1851
1852 1850 1853
1850 1854 1853
1854 1850 1855
1850 1848 1855
1855 1848 1840
1851 1852 1856
1852 1857 1856
1852 1853 1857
1856 1857 1858
1857 1859 1858
1859 1857 1860
1857 1861 1860
1853 1861 1857
1858 1859 1862
1859 1863 1862
1862 1863 1864
1863 1865 1864
1865 1863 1866
1863 1867 1866
1860 1867 1859
1867 1863 1859
1854 1855 1868
1855 1869 1868
1870 1868 1869
1871 1870 1869
1870 1871 1872
1873 1870 1872
1874 1873 1872
1875 1874 1872
1875 1876 1874
1876 1877 1874
1875 1872 1878
1879 1875 1878
1876 1875 1879
1880 1876 1879
1877 1876 1881
1876 1882 1881
1882 1876 1883
1876 1880 1883
1881 1882 1884
1882 1885 1884
1884 1885 1886
1885 1887 1886
1887 1885 1888
1885 1889 1888
1885 1882 1889
1882 1883 1889
1878 1890 1891
1890 1892 1891
1890 1878 1893
1890 1893 1894
1890 1894 1895
1896 1890 1895
1893 1897 1894
1897 1898 1894
1898 1899 1894
1895 1894 1899
1844 1897 1893
1844 1898 1897
1893 1869 1844
1900 1896 1895
1901 1900 1895
1901 1902 1900
1902 1903 1900
1902 1901 1904
1905 1902 1904
1906 1903 1902
1907 1906 1902
1906 1907 1908
1907 1909 1908
1909 1907 1910
1907 1911 1910
1907 1902 1911
1902 1905 1911
1904 1901 1912
1912 1895 1899
1901 1895 1912
1913 1899 1914
1899 1915 1914
1915 1899 1898
1915 1898 1916
1898 1917 1916
1918 1916 1917
1919 1918 1917
1919 1917 1845
1916 1920 1915
1920 1916 1918
1920 1921 1915
1920 1922 1921
1922 1923 1921
1922 1920 1924
1924 1920 1918
1925 1922 1924
1923 1922 1926
1922 1927 1926
1922 1925 1927
1925 1928 1927
1929 1926 1927
1930 1929 1927
1929 1930 1931
1930 1932 1931
1932 1930 1933
1930 1934 1933
1928 1934 1927
1934 1930 1927
1919 1845 1935
1919 1935 1936
1937 1919 1936
1936 1938 1937
1938 1939 1937
1940 1938 1936
1941 1940 1936
1941 1936 1942
1936 1935 1942
1942 1935 1943
1943 1935 1845
1938 1944 1939
1938 1940 1944
1944 1945 1939
1945 1944 1946
1947 1945 1946
1946 1944 1948
1944 1949 1948
1940 1949 1944
1950 1947 1946
1951 1950 1946
1950 1951 1952
1951 1953 1952
1953 1951 1954
1951 1955 1954
1948 1955 1946
1955 1951 1946
1843 1943 1845
1845 1917 1844
1844 1917 1898
1844 1869 1840
1869 1855 1840
1893 1871 1869
1871 1893 1872
1893 1878 1872
1956 1957 1958
1958 1959 1956
1959 1960 1956
1960 1961 1956
1958 1957 1790
1957 1962 1790
1962 1957 1963
1964 1962 1963
1965 1964 1963
1966 1965 1963
1965 1966 1967
1967 1966 1968
1966 1969 1968
1966 1970 1969
1963 1970 1966
1970 1963 1971
1972 1965 1967
1972 1967 1973
1974 1972 1973
1975 1967 1968
1973 1967 1975
1976 1975 1968
1977 1976 1968
1978 1977 1968
1978 1968 1969
1978 1979 1977
1979 1980 1977
1978 1981 1979
1981 1978 1969
1969 1970 1981
1981 1982 1979
1983 1982 1981
1984 1983 1981
1970 1984 1981
1983 1984 1985
1986 1983 1985
1980 1979 1987
1988 1980 1987
1989 1988 1987
1990 1988 1989
1991 1990 1989
1992 1991 1989
1991 1992 1993
1994 1991 1993
1994 1993 1995
1991 1994 1996
1997 1991 1996
1990 1991 1997
1992 1989 1998
1989 1987 1998
1992 1998 1993
1999 1990 1997
1996 1994 2000
1994 1995 2000
1998 2001 1993
1986 1995 2001
1995 1993 2001
1999 2002 1990
2002 1988 1990
1997 1996 2003
2004 1997 2003
1999 1997 2005
1997 2004 2005
2000 2006 1996
2006 2003 1996
2005 2007 1999
2007 2002 1999
1998 1982 2001
1979 1982 1998
1987 1979 1998
1982 1983 2001
1986 2001 1983
2008 2009 2010
2009 2011 2010
2012 2010 2011
2013 2012 2011
2013 2014 2012
2014 2015 2012
2009 2008 2016
2008 2017 2016
2017 2008 2018
2017 2018 2019
2018 2020 2019
2019 2020 2021
2019 2021 2022
2021 2023 2022
2021 2024 2023
2021 2020 2024
2024 2025 2023
2025 2024 2026
2024 2027 2026
2026 2027 2028
2027 2029 2028
2030 2029 2027
2024 2031 2027
2031 2030 2027
2020 2031 2024
2031 2020 2032
2020 2018 2032
2030 2031 2032
2018 2008 2032
2008 2010 2032
2032 2010 2033
2030 2033 2029
2033 2030 2032
2010 2012 2033
2015 2033 2012
2033 2015 2029
2025 2026 2034
2035 2025 2034
2025 2035 2036
2023 2025 2036
2036 2037 2023
2037 2022 2023
2038 2034 2026
2028 2038 2026
2039 2040 1937
2040 1918 1937
1919 1937 1918
1956 1961 2013
1956 2013 2041
2013 2011 2041
2042 2041 2011
2009 2042 2011
2042 2009 2043
2042 2043 2044
2044 2043 2045
2043 2046 2045
2046 2043 2047
2048 2046 2047
2046 2049 2045
2046 2048 2049
2048 2050 2049
2050 2051 2049
2052 2051 2050
2051 2052 2053
2052 2054 2053
2049 2051 2055
2051 2053 2055
2049 2055 2045
2054 2052 2056
2057 2054 2056
2053 2054 2058
2053 2058 2055
2054 2059 2058
2059 2060 2058
2058 2060 2061
2058 2061 2055
2060 2062 2061
2062 2063 2061
2063 2062 2064
2065 2063 2064
2055 2061 2045
2061 2063 2045
2045 2063 2044
2063 2065 2044
2059 2054 2066
2054 2057 2066
2066 2067 2059
2067 2060 2059
2057 2056 2068
2068 2056 2069
2056 2070 2069
2071 2057 2068
2066 2057 2072
2057 2071 2072
2072 2073 2066
2073 2067 2066
2044 2065 1971
2065 1970 1971
1970 2065 1984
1971 2042 2044
1963 2042 1971
1963 1957 2042
1957 2041 2042
1956 2041 1957
2056 2052 2070
2052 2050 2070
2074 1813 2075
1813 2076 2075
2074 2075 2077
1960 2074 2077
2077 2078 1960
2078 1961 1960
2079 1961 2078
2080 2079 2078
2080 2078 2081
2081 2078 2077
2082 2080 2081
2083 2082 2081
2084 2082 2083
2084 2083 2085
2086 2084 2085
2087 2086 2085
2088 2087 2085
2087 2088 2089
2076 2089 2090
2089 2088 2090
2090 2088 2091
2088 2085 2091
2085 2083 2091
2083 2081 2091
2086 2087 2092
2093 2086 2092
2084 2086 2094
2086 2093 2094
2092 2087 2095
2087 2089 2095
2094 2096 2084
2096 2082 2084
2093 2092 2097
2098 2093 2097
2094 2093 2099
2093 2098 2099
2095 2100 2092
2100 2097 2092
2099 2101 2094
2101 2096 2094
2075 2090 2091
2076 2090 2075
2077 2075 2091
2091 2081 2077
2102 1795 1793
2102 1793 2103
1793 1791 2103
2103 1791 1785
2104 2103 1785
1778 2104 1785
2102 1798 1795
1788 1787 1974
1787 1972 1974
1965 1972 1787
1786 1965 1787
1964 1965 1786
1783 1964 1786
1962 1964 1783
1962 1783 1784
1790 1962 1784
1790 2105 1958
2105 1811 1958
1959 1958 1811
1812 1959 1811
1960 1959 1812
2074 1960 1812
1811 2105 1807
2105 1806 1807
1790 1789 2105
1789 1792 2105
1806 2105 1792
1809 2074 1812
1809 1813 2074
2106 2107 2108
2107 2109 2108
2109 2107 2110
2107 2111 2110
2112 2110 2111
2113 2112 2111
2112 2113 2114
2113 2115 2114
2106 2108 2116
2117 2106 2116
2116 2118 2117
2118 2119 2117
2107 2120 2111
2107 2106 2120
2120 2121 2111
2113 2111 2121
2122 2113 2121
2113 2122 2115
2119 2123 2117
2123 2124 2117
2124 2125 2117
2125 2106 2117
2106 2125 2120
2122 2121 2126
2127 2126 2121
2128 2122 2126
2126 2129 2128
2129 2130 2128
2130 2129 2131
2132 2130 2131
2132 2131 2133
2131 2134 2133
2135 2132 2133
2136 2135 2133
2133 2134 2137
2133 2137 2136
2134 2138 2137
2134 2139 2138
2134 2131 2139
2139 2140 2138
2140 2139 2141
2142 2141 2139
2143 2142 2139
2131 2143 2139
2143 2131 2129
2142 2143 2144
2145 2142 2144
2144 2146 2145
2146 2147 2145
2144 2148 2146
2148 2149 2146
2146 2150 2147
2151 2140 2141
2151 2152 2140
2140 2152 2138
2152 2151 2153
2154 2152 2153
2152 2154 2155
2154 2156 2155
2156 2154 2157
2158 2156 2157
2158 2159 2156
2159 2160 2156
2155 2156 2160
2159 2161 2160
2161 2162 2160
2163 2160 2162
2163 2155 2160
2164 2163 2162
2137 2163 2164
2137 2164 2136
2153 2165 2154
2165 2157 2154
2152 2155 2138
2137 2138 2163
2138 2155 2163
2166 2167 2168
2167 2169 2168
2169 2167 2170
2171 2169 2170
2169 2171 2172
2168 2169 2172
2171 2173 2172
2174 2168 2172
2174 2172 2175
2172 2176 2175
2175 2176 2177
2178 2175 2177
2179 2175 2178
2179 2174 2175
2180 2179 2178
2177 2181 2178
2181 2182 2178
2178 2182 2180
2176 2172 2183
2172 2173 2183
2184 2176 2183
2184 2185 2176
2177 2176 2185
2184 2186 2185
2186 2187 2185
2186 2188 2187
2188 2189 2187
2187 2189 2190
2191 2187 2190
2191 2192 2187
2192 2185 2187
2192 2177 2185
2189 2188 2193
2194 2189 2193
2189 2194 2190
2193 2195 2194
2195 2196 2194
2194 2196 2197
2198 2194 2197
2194 2198 2190
2196 2195 2199
2200 2196 2199
2199 2201 2200
2201 2202 2200
2202 2203 2200
2203 2204 2200
2197 2196 2204
2196 2200 2204
2192 2191 2205
2206 2192 2205
2206 2205 2207
2208 2206 2207
2208 2207 2209
2207 2210 2209
2210 2211 2209
2211 2212 2209
2213 2212 2211
2214 2213 2211
2209 2212 2215
2212 2216 2215
2216 2212 2213
2217 2216 2213
2214 2218 2213
2218 2219 2213
2217 2213 2220
2213 2219 2220
2219 2218 2221
2222 2219 2221
2221 2223 2222
2223 2224 2222
2224 2225 2222
2225 2226 2222
2220 2219 2226
2219 2222 2226
2227 2215 2228
2229 2227 2228
2227 2230 2215
2227 2231 2230
2231 2227 2232
2227 2233 2232
2231 2234 2230
2235 2234 2231
2236 2235 2231
2236 2231 2232
2181 2230 2234
2181 2234 2235
2230 2181 2206
2232 2233 2237
2238 2232 2237
2239 2238 2237
2240 2239 2237
2241 2238 2239
2242 2241 2239
2239 2240 2243
2244 2239 2243
2243 2245 2244
2245 2246 2244
2246 2247 2244
2247 2248 2244
2242 2239 2248
2239 2244 2248
2241 2249 2238
2249 2236 2232
2249 2232 2238
2181 2177 2206
2177 2192 2206
2230 2206 2208
2230 2208 2209
2215 2230 2209
2250 2251 2252
2251 2250 2253
2254 2253 2250
2255 2254 2250
2252 2251 2127
2256 2252 2127
2252 2256 2257
2256 2258 2257
2258 2259 2257
2259 2260 2257
2261 2260 2259
2260 2261 2262
2263 2260 2262
2260 2263 2264
2257 2260 2264
2264 2265 2257
2266 2261 2259
2267 2261 2266
2268 2267 2266
2262 2261 2269
2267 2269 2261
2270 2262 2269
2270 2271 2262
2271 2272 2262
2263 2262 2272
2273 2272 2271
2274 2273 2271
2275 2272 2273
2275 2263 2272
2264 2263 2275
2276 2275 2273
2276 2277 2275
2277 2278 2275
2278 2264 2275
2279 2278 2277
2280 2279 2277
2274 2281 2273
2274 2282 2281
2282 2283 2281
2284 2283 2282
2284 2285 2283
2285 2286 2283
2287 2286 2285
2288 2287 2285
2288 2289 2287
2288 2285 2290
2285 2291 2290
2285 2284 2291
2286 2292 2283
2292 2281 2283
2286 2287 2292
2284 2293 2291
2289 2288 2294
2288 2290 2294
2287 2295 2292
2287 2289 2295
2289 2280 2295
2282 2296 2284
2296 2293 2284
2290 2291 2297
2291 2298 2297
2293 2299 2291
2299 2298 2291
2297 2300 2290
2300 2294 2290
2296 2301 2293
2301 2299 2293
2276 2292 2295
2292 2276 2273
2281 2292 2273
2277 2276 2295
2280 2277 2295
2302 2303 2304
2303 2305 2304
2302 2304 2306
2307 2302 2306
2308 2307 2306
2309 2308 2306
2303 2310 2305
2310 2311 2305
2311 2312 2305
2312 2311 2313
2314 2312 2313
2313 2315 2314
2315 2313 2316
2317 2315 2316
2315 2317 2318
2314 2315 2318
2317 2319 2318
2318 2319 2320
2321 2318 2320
2320 2322 2321
2322 2323 2321
2324 2321 2323
2324 2325 2321
2325 2318 2321
2325 2314 2318
2312 2314 2326
2314 2325 2326
2325 2324 2326
2312 2326 2305
2326 2304 2305
2304 2326 2327
2327 2324 2323
2324 2327 2326
2306 2304 2327
2309 2306 2327
2309 2327 2323
2320 2319 2328
2319 2329 2328
2330 2329 2319
2317 2330 2319
2331 2330 2317
2316 2331 2317
2328 2332 2320
2332 2322 2320
2333 2334 2236
2334 2335 2236
2335 2235 2236
2335 2336 2235
2336 2337 2235
2337 2336 2338
2339 2337 2338
2339 2182 2337
2340 2336 2335
2338 2336 2340
2341 2340 2335
2342 2340 2341
2343 2342 2341
2344 2340 2342
2344 2338 2340
2345 2344 2342
2343 2346 2342
2346 2347 2342
2342 2347 2345
2347 2348 2345
2347 2346 2349
2350 2347 2349
2349 2351 2350
2351 2352 2350
2352 2353 2350
2353 2354 2350
2350 2354 2347
2354 2348 2347
2339 2355 2182
2356 2355 2339
2357 2356 2339
2358 2356 2357
2359 2358 2357
2358 2360 2356
2360 2361 2356
2361 2362 2356
2362 2355 2356
2362 2363 2355
2363 2182 2355
2358 2359 2364
2358 2364 2360
2359 2365 2364
2364 2365 2366
2365 2367 2366
2364 2366 2368
2369 2364 2368
2364 2369 2360
2366 2367 2370
2371 2366 2370
2370 2372 2371
2372 2373 2371
2373 2374 2371
2374 2375 2371
2371 2375 2366
2375 2368 2366
2182 2363 2180
2182 2181 2337
2181 2235 2337
2338 2376 2357
2376 2377 2357
2339 2338 2357
2250 2307 2255
2307 2250 2378
2302 2307 2378
2302 2378 2379
2303 2302 2379
2379 2380 2303
2380 2379 2381
2380 2381 2382
2383 2380 2382
2384 2380 2383
2385 2384 2383
2386 2383 2382
2383 2386 2385
2385 2386 2387
2386 2388 2387
2389 2387 2388
2389 2388 2390
2391 2389 2390
2390 2388 2392
2388 2386 2392
2392 2386 2382
2389 2391 2393
2391 2394 2393
2391 2390 2395
2390 2392 2395
2396 2391 2395
2396 2395 2397
2397 2395 2398
2392 2398 2395
2399 2397 2398
2399 2398 2400
2399 2400 2401
2400 2402 2401
2392 2382 2398
2382 2400 2398
2382 2381 2400
2381 2402 2400
2396 2403 2391
2403 2394 2391
2397 2404 2396
2404 2403 2396
2393 2394 2405
2393 2405 2406
2407 2393 2406
2389 2393 2407
2387 2389 2407
2404 2408 2403
2408 2409 2403
2403 2409 2394
2394 2410 2405
2409 2410 2394
2381 2265 2402
2265 2264 2402
2264 2278 2402
2379 2265 2381
2257 2265 2379
2257 2379 2252
2252 2379 2378
2250 2252 2378
2411 2412 2150
2412 2413 2150
2414 2412 2411
2254 2414 2411
2415 2414 2254
2255 2415 2254
2255 2416 2415
2416 2417 2415
2417 2418 2415
2415 2418 2414
2417 2419 2418
2419 2420 2418
2421 2420 2419
2422 2420 2421
2423 2422 2421
2423 2424 2422
2424 2425 2422
2424 2426 2425
2413 2427 2426
2427 2425 2426
2422 2425 2428
2425 2427 2428
2422 2428 2420
2428 2418 2420
2424 2423 2429
2423 2430 2429
2421 2431 2423
2431 2430 2423
2426 2424 2432
2424 2429 2432
2419 2433 2421
2433 2431 2421
2429 2430 2434
2430 2435 2434
2431 2436 2430
2436 2435 2430
2434 2437 2429
2437 2432 2429
2433 2438 2431
2438 2436 2431
2428 2427 2412
2413 2412 2427
2414 2428 2412
2418 2428 2414
2439 2130 2132
2439 2440 2130
2440 2128 2130
2122 2128 2440
2441 2122 2440
2122 2441 2115
2439 2132 2135
2266 2124 2268
2124 2123 2268
2266 2259 2124
2259 2125 2124
2259 2258 2125
2258 2120 2125
2256 2120 2258
2121 2120 2256
2127 2121 2256
2442 2127 2251
2148 2442 2251
2148 2251 2253
2149 2148 2253
2253 2254 2149
2254 2411 2149
2148 2144 2442
2144 2143 2442
2126 2127 2442
2129 2126 2442
2442 2143 2129
2146 2149 2411
2146 2411 2150
2443 2444 2445
2443 2445 2446
2443 2446 2447
2443 2447 2448
2443 2448 2449
2443 2449 2450
2443 2450 2451
2443 2451 2452
2443 2452 2453
2443 2453 2454
2443 2454 2455
2443 2455 2444
2456 2445 2444
2457 2456 2444
2446 2445 2458
2445 2456 2458
2447 2446 2459
2446 2458 2459
2448 2447 2460
2447 2459 2460
2449 2448 2461
2448 2460 2461
2449 2461 2450
2461 2462 2450
2450 2462 2451
2462 2463 2451
2451 2463 2452
2463 2464 2452
2452 2464 2453
2464 2465 2453
2453 2465 2454
2465 2466 2454
2454 2466 2455
2466 2467 2455
2455 2467 2444
2467 2457 2444
2468 2469 2470
2468 2471 2469
2468 2472 2471
2468 2473 2472
2468 2474 2473
2468 2475 2474
2468 2476 2475
2468 2477 2476
2468 2478 2477
2468 2479 2478
2468 2480 2479
2468 2470 2480
2470 2469 2481
2482 2470 2481
2481 2469 2483
2469 2471 2483
2483 2471 2484
2471 2472 2484
2484 2472 2485
2472 2473 2485
2485 2473 2486
2473 2474 2486
2474 2475 2486
2475 2487 2486
2475 2476 2487
2476 2488 2487
2476 2477 2488
2477 2489 2488
2477 2478 2489
2478 2490 2489
2478 2479 2490
2479 2491 2490
2479 2480 2491
2480 2492 2491
2480 2470 2492
2470 2482 2492
