byte offset: 0
first index: 0
index count: 1716
topology: trianglelist
format: DXGI_FORMAT_R16_UINT

0 1 2
0 2 3
4 5 6
4 6 7
8 9 10
8 10 11
12 13 14
12 14 15
16 17 18
16 18 19
20 21 22
20 22 23
24 25 26
24 26 27
28 29 30
28 30 31
32 33 34
32 34 35
36 37 38
36 38 39
40 41 42
40 42 43
44 45 46
44 46 47
48 49 50
48 50 51
52 53 54
52 54 55
56 57 58
56 58 59
60 61 62
60 62 63
64 65 66
66 65 67
67 65 68
68 65 69
69 65 70
70 65 71
71 65 72
72 65 73
73 65 74
74 65 75
75 65 76
76 65 77
77 65 78
78 65 79
79 65 80
80 65 64
81 82 83
81 83 84
82 85 83
82 86 85
86 87 85
86 88 87
89 87 88
89 90 87
89 91 90
92 87 90
92 90 93
94 92 93
94 93 95
96 94 95
96 95 97
98 88 99
100 101 102
100 102 103
101 104 102
101 105 104
105 106 104
105 107 106
106 107 108
106 109 110
108 111 112
109 113 111
114 111 113
114 113 115
116 114 115
116 115 117
118 116 117
118 117 119
120 121 122
120 122 123
121 124 122
121 125 124
125 126 124
125 127 126
126 127 128
126 129 130
128 131 132
129 133 131
134 131 133
134 133 135
136 134 135
136 135 137
138 136 137
138 137 139
140 141 142
140 142 143
141 144 142
141 145 144
145 146 144
145 147 146
148 146 147
148 147 149
148 149 150
151 149 147
151 147 152
153 151 152
153 152 154
155 153 154
155 154 156
157 158 146
159 160 161
159 161 162
160 163 161
160 164 163
164 165 163
164 166 165
167 165 166
168 169 165
168 166 170
167 170 171
172 170 166
172 166 173
174 172 173
174 173 175
176 174 175
176 175 177
178 179 180
178 180 181
179 182 180
179 183 182
183 184 182
183 185 184
186 184 185
187 186 185
187 188 186
189 190 184
191 187 192
191 192 193
194 191 193
194 193 195
196 194 195
196 195 197
198 199 200
198 200 201
199 202 200
199 203 202
203 204 202
203 205 204
206 207 204
206 204 208
206 208 209
210 209 208
210 208 211
212 210 211
212 211 213
214 212 213
214 213 215
216 209 217
218 219 220
218 220 221
219 222 220
219 223 222
223 224 222
223 225 224
226 224 225
227 228 224
227 225 229
226 229 230
231 229 225
231 225 232
233 231 232
233 232 234
235 233 234
235 234 236
237 238 239
237 239 240
241 242 243
241 243 244
245 246 247
245 247 248
249 250 251
249 251 252
253 254 255
253 255 256
257 258 259
257 259 260
261 262 263
261 263 264
265 266 267
265 267 268
269 270 271
269 271 272
273 274 275
273 275 276
277 278 279
277 279 280
281 282 283
281 283 284
285 286 287
285 287 288
289 290 291
289 291 292
293 294 295
293 295 296
297 298 299
297 299 300
301 302 303
304 302 305
306 302 307
308 302 309
310 302 311
312 302 313
314 302 315
316 302 317
318 319 320
321 319 322
323 319 324
325 319 326
327 319 328
329 319 330
331 319 332
333 319 334
335 336 337
335 338 336
338 339 336
340 338 335
338 340 341
339 338 342
338 341 342
341 343 342
344 343 341
345 335 337
346 345 337
346 347 345
345 347 348
345 348 349
349 348 350
345 349 351
352 340 351
352 351 349
350 352 349
352 350 353
352 353 354
354 353 355
340 352 356
352 354 356
356 357 341
357 344 341
344 357 358
359 353 350
359 360 353
360 361 353
359 362 360
363 362 359
364 362 363
359 365 363
365 366 363
367 366 365
368 366 367
362 369 360
360 369 361
370 361 369
359 371 365
367 365 371
367 371 372
350 372 371
371 359 350
367 372 373
374 367 373
374 368 367
374 373 375
368 376 366
376 377 366
377 364 363
366 377 363
377 376 378
379 364 377
378 379 377
379 380 364
364 380 381
382 364 381
381 370 382
362 364 382
361 370 383
384 385 386
384 387 385
388 387 384
388 389 387
389 388 390
387 391 385
387 392 391
393 391 392
393 392 394
389 395 387
389 396 395
396 389 390
397 395 396
397 396 398
399 397 398
399 398 400
400 401 399
400 402 401
403 399 401
403 404 393
403 405 404
405 403 406
403 401 406
405 406 407
404 408 393
404 409 408
394 410 403
400 398 411
411 398 396
400 411 412
402 400 412
411 413 412
412 413 414
411 415 413
402 412 416
412 414 416
406 417 407
406 418 417
414 419 416
419 402 416
419 420 402
402 420 421
402 421 401
421 406 401
421 418 406
414 422 419
418 423 417
418 424 423
421 424 418
421 425 424
425 421 420
425 420 426
426 420 419
426 427 425
426 428 427
428 429 427
428 430 429
427 431 425
424 431 432
424 432 423
433 431 427
434 428 426
434 426 435
436 434 435
436 435 437
422 437 435
438 430 428
438 428 434
438 434 436
439 438 436
426 419 435
422 435 419
440 433 427
429 440 427
438 439 441
439 442 441
443 438 441
443 430 438
430 443 444
444 443 445
445 443 441
441 446 445
441 442 446
442 447 446
446 447 448
448 449 446
445 446 449
450 449 448
450 451 449
452 451 450
452 453 451
449 454 445
451 454 449
445 454 455
455 444 445
444 455 456
451 457 454
457 451 453
455 454 457
458 456 455
457 453 459
460 457 459
461 460 458
461 458 455
460 461 457
457 461 455
460 459 462
460 463 458
464 463 460
465 464 460
460 462 465
465 466 464
466 465 462
459 467 462
467 468 462
462 468 466
467 469 468
470 468 469
466 468 470
471 469 467
471 472 469
473 471 467
473 467 453
469 472 474
469 474 470
474 472 475
476 474 475
477 474 476
470 474 477
477 478 470
479 470 478
470 479 466
477 476 480
481 477 480
478 477 481
478 481 482
479 478 482
482 483 479
484 483 482
481 484 482
484 485 483
486 485 484
486 487 485
488 486 484
481 488 484
489 488 481
480 489 481
489 490 488
488 490 486
489 491 490
487 486 492
487 492 493
494 493 492
494 495 493
496 495 494
496 497 495
497 496 498
497 498 499
499 498 500
499 500 501
502 495 497
502 503 495
493 495 503
405 503 502
502 404 405
502 504 404
405 407 503
505 503 407
505 407 417
404 504 506
404 506 409
507 501 506
507 508 501
508 507 502
508 502 509
505 417 423
505 423 510
511 510 423
493 505 510
493 512 505
493 510 487
487 510 513
511 513 510
514 511 423
432 514 423
485 487 513
515 485 513
386 409 506
386 506 516
516 506 517
516 517 518
519 516 518
386 516 519
520 386 519
521 519 518
521 518 522
518 501 522
522 501 500
500 523 522
523 521 522
524 523 500
525 524 500
525 526 524
523 524 526
525 527 526
525 528 527
525 529 528
525 500 498
496 529 525
496 525 498
494 529 496
494 530 529
529 530 531
529 531 528
532 531 530
532 530 533
533 530 494
533 494 492
486 533 492
486 490 533
532 533 490
532 490 491
390 534 535
396 390 535
411 396 535
411 535 534
411 534 415
394 403 536
483 537 538
483 539 537
483 485 539
479 483 538
479 538 540
540 466 479
466 540 464
485 515 539
541 542 543
544 542 541
545 542 546
546 542 547
547 542 548
548 542 549
542 550 549
550 542 551
551 542 552
542 553 552
553 542 554
554 542 555
555 542 556
556 542 557
557 542 558
558 559 544
560 559 561
561 542 562
562 542 563
564 542 560
565 542 564
566 542 565
567 542 566
563 542 568
542 569 568
569 542 570
570 542 571
571 542 572
542 573 572
573 542 574
574 542 575
575 542 576
346 577 347
444 578 429
444 429 430
456 578 444
578 579 429
429 579 440
431 580 425
355 581 358
582 355 358
354 355 582
356 354 582
340 356 341
351 340 335
345 351 335
459 583 467
385 408 409
385 409 386
584 384 386
