byte offset: 0
first index: 118368
index count: 2904
topology: trianglelist
format: DXGI_FORMAT_R16_UINT

1088 1090 1089
1091 1093 1092
1101 1092 1095
1092 1101 1100
1102 1104 1103
1205 1106 1097
1106 1205 1204
1110 1100 1101
1100 1110 1109
1111 1104 1112
1104 1111 1103
1113 1208 1114
1097 1106 1114
1204 1116 1106
1116 1204 1203
1117 1108 1118
1108 1117 1107
1120 1109 1110
1109 1120 1119
1122 1111 1112
1111 1122 1121
1123 1114 1124
1124 1106 1116
1106 1124 1114
1188 1117 1216
1127 1119 1120
1119 1127 1126
1121 1122 1181
1128 1124 1129
1129 1116 1130
1116 1129 1124
1131 1127 1132
1127 1131 1126
1133 1181 1180
1195 1129 1134
1134 1130 1135
1130 1134 1129
1198 1185 1136
1134 1183 1182
1136 1185 1184
1137 1139 1138
1140 1137 1138
1141 1140 1138
1139 1088 1138
1125 1187 1186
1216 1189 1188
1134 1135 1190
1135 1191 1190
1202 1130 1116
1116 1203 1202
1216 1125 1186
1189 1216 1193
1134 1190 1183
1194 1134 1182
1128 1129 1195
1195 1134 1194
1123 1124 1128
1113 1114 1123
1097 1114 1208
1208 1115 1219
1205 1097 1219
1175 1096 1098
1136 1131 1132
1131 1136 1143
1143 1136 1197
1143 1197 1196
1136 1184 1197
1136 1132 1198
1133 1180 1198
1121 1181 1133
1133 1198 1132
1093 1095 1092
1093 1094 1095
1094 1102 1095
1201 1135 1130
1141 1145 1144
1137 1140 1146
1147 1137 1146
1148 1139 1137
1139 1148 1149
1139 1150 1090
1139 1149 1150
1148 1137 1147
1140 1144 1151
1140 1141 1144
1135 1201 1191
1090 1088 1139
1146 1140 1151
1132 1127 1133
1120 1133 1127
1120 1121 1133
1121 1110 1111
1110 1121 1120
1111 1101 1103
1101 1111 1110
1095 1102 1103
1201 1130 1202
1188 1173 1117
1173 1188 1192
1107 1173 1174
1217 1174 1175
1192 1209 1173
1219 1097 1208
1113 1115 1208
1099 1142 1218
1099 1218 1217
1107 1117 1173
1175 1098 1217
1186 1193 1216
1216 1118 1125
1118 1216 1117
1217 1107 1174
1108 1107 1217
1217 1218 1108
1098 1099 1217
1105 1206 1219
1105 1219 1177
1115 21253 1177
1115 1177 1219
1206 1205 1219
1095 1103 1101
1088 1089 1230
1091 1092 1231
1238 1092 1100
1092 1238 1233
1239 1240 1241
1243 1326 1235
1326 1243 1325
1245 1100 1109
1100 1245 1238
1241 1246 1247
1246 1241 1240
1248 1249 1329
1235 1249 1243
1251 1325 1243
1325 1251 1324
1108 1252 1118
1252 1108 1244
1253 1109 1119
1109 1253 1245
1255 1246 1254
1246 1255 1247
1256 1257 1249
1243 1257 1251
1257 1243 1249
1310 1335 1252
1258 1119 1126
1119 1258 1253
1254 1304 1255
1259 1260 1257
1251 1260 1261
1260 1251 1257
1258 1131 1262
1131 1258 1126
1263 1303 1304
1317 1264 1260
1261 1264 1265
1264 1261 1260
1319 1266 1308
1264 1305 1306
1266 1307 1308
1267 1138 1268
1269 1138 1267
1141 1138 1269
1268 1138 1088
1125 1309 1187
1335 1310 1311
1264 1312 1265
1265 1312 1313
1323 1251 1261
1251 1323 1324
1335 1309 1125
1311 1315 1335
1264 1306 1312
1316 1305 1264
1259 1317 1260
1317 1316 1264
1256 1259 1257
1248 1256 1249
1235 1329 1249
1329 1337 1250
1326 1337 1235
1298 1236 1234
1266 1131 1143
1131 1266 1262
1143 1318 1266
1143 1196 1318
1266 1318 1307
1266 1319 1262
1263 1319 1303
1254 1263 1304
1263 1262 1319
1231 1092 1233
1231 1233 1232
1232 1233 1239
1322 1261 1265
1141 1270 1145
1267 1271 1269
1272 1271 1267
1273 1267 1268
1268 1274 1273
1268 1230 1275
1268 1275 1274
1273 1272 1267
1269 1276 1270
1269 1270 1141
1265 1313 1322
1230 1268 1088
1271 1276 1269
1262 1263 1258
1253 1258 1263
1253 1263 1254
1254 1245 1253
1245 1254 1246
1246 1238 1245
1238 1246 1240
1233 1240 1239
1322 1323 1261
1310 1296 1314
1296 1310 1252
1244 1297 1296
1336 1298 1297
1314 1296 1330
1337 1329 1235
1248 1329 1250
1237 1218 1142
1237 1336 1218
1244 1296 1252
1298 1336 1236
1309 1335 1315
1118 1335 1125
1335 1118 1252
1336 1297 1244
1108 1336 1244
1336 1108 1218
1236 1336 1237
1242 1337 1327
1242 1300 1337
1250 1300 21338
1250 1337 1300
1327 1337 1326
1233 1238 1240
6218 6220 6219
6221 6223 6222
6231 6222 6225
6222 6231 6230
6232 6234 6233
6335 6236 6227
6236 6335 6334
6240 6230 6231
6230 6240 6239
6241 6234 6242
6234 6241 6233
6243 6338 6244
6227 6236 6244
6334 6246 6236
6246 6334 6333
6247 6238 6248
6238 6247 6237
6250 6239 6240
6239 6250 6249
6252 6241 6242
6241 6252 6251
6253 6244 6254
6254 6236 6246
6236 6254 6244
6318 6247 6346
6257 6249 6250
6249 6257 6256
6251 6252 6311
6258 6254 6259
6259 6246 6260
6246 6259 6254
6261 6257 6262
6257 6261 6256
6263 6311 6310
6325 6259 6264
6264 6260 6265
6260 6264 6259
6328 6315 6266
6264 6313 6312
6266 6315 6314
6267 6269 6268
6270 6267 6268
6271 6270 6268
6269 6218 6268
6255 6317 6316
6346 6319 6318
6264 6265 6320
6265 6321 6320
6332 6260 6246
6246 6333 6332
6346 6255 6316
6319 6346 6323
6264 6320 6313
6324 6264 6312
6258 6259 6325
6325 6264 6324
6253 6254 6258
6243 6244 6253
6227 6244 6338
6338 6245 6349
6335 6227 6349
6305 6226 6228
6266 6261 6262
6261 6266 6273
6273 6266 6327
6273 6327 6326
6266 6314 6327
6266 6262 6328
6263 6310 6328
6251 6311 6263
6263 6328 6262
6223 6225 6222
6223 6224 6225
6224 6232 6225
6331 6265 6260
6271 6275 6274
6267 6270 6276
6277 6267 6276
6278 6269 6267
6269 6278 6279
6269 6280 6220
6269 6279 6280
6278 6267 6277
6270 6274 6281
6270 6271 6274
6265 6331 6321
6220 6218 6269
6276 6270 6281
6262 6257 6263
6250 6263 6257
6250 6251 6263
6251 6240 6241
6240 6251 6250
6241 6231 6233
6231 6241 6240
6225 6232 6233
6331 6260 6332
6318 6303 6247
6303 6318 6322
6237 6303 6304
6347 6304 6305
6322 6339 6303
6349 6227 6338
6243 6245 6338
6229 6272 6348
6229 6348 6347
6237 6247 6303
6305 6228 6347
6316 6323 6346
6346 6248 6255
6248 6346 6247
6347 6237 6304
6238 6237 6347
6347 6348 6238
6228 6229 6347
6235 6336 6349
6235 6349 6307
6245 25726 6307
6245 6307 6349
6336 6335 6349
6225 6233 6231
6218 6219 6360
6221 6222 6361
6368 6222 6230
6222 6368 6363
6369 6370 6371
6373 6456 6365
6456 6373 6455
6375 6230 6239
6230 6375 6368
6371 6376 6377
6376 6371 6370
6378 6379 6459
6365 6379 6373
6381 6455 6373
6455 6381 6454
6238 6382 6248
6382 6238 6374
6383 6239 6249
6239 6383 6375
6385 6376 6384
6376 6385 6377
6386 6387 6379
6373 6387 6381
6387 6373 6379
6440 6465 6382
6388 6249 6256
6249 6388 6383
6384 6434 6385
6389 6390 6387
6381 6390 6391
6390 6381 6387
6388 6261 6392
6261 6388 6256
6393 6433 6434
6447 6394 6390
6391 6394 6395
6394 6391 6390
6449 6396 6438
6394 6435 6436
6396 6437 6438
6397 6268 6398
6399 6268 6397
6271 6268 6399
6398 6268 6218
6255 6439 6317
6465 6440 6441
6394 6442 6395
6395 6442 6443
6453 6381 6391
6381 6453 6454
6465 6439 6255
6441 6445 6465
6394 6436 6442
6446 6435 6394
6389 6447 6390
6447 6446 6394
6386 6389 6387
6378 6386 6379
6365 6459 6379
6459 6467 6380
6456 6467 6365
6428 6366 6364
6396 6261 6273
6261 6396 6392
6273 6448 6396
6273 6326 6448
6396 6448 6437
6396 6449 6392
6393 6449 6433
6384 6393 6434
6393 6392 6449
6361 6222 6363
6361 6363 6362
6362 6363 6369
6452 6391 6395
6271 6400 6275
6397 6401 6399
6402 6401 6397
6403 6397 6398
6398 6404 6403
6398 6360 6405
6398 6405 6404
6403 6402 6397
6399 6406 6400
6399 6400 6271
6395 6443 6452
6360 6398 6218
6401 6406 6399
6392 6393 6388
6383 6388 6393
6383 6393 6384
6384 6375 6383
6375 6384 6376
6376 6368 6375
6368 6376 6370
6363 6370 6369
6452 6453 6391
6440 6426 6444
6426 6440 6382
6374 6427 6426
6466 6428 6427
6444 6426 6460
6467 6459 6365
6378 6459 6380
6367 6348 6272
6367 6466 6348
6374 6426 6382
6428 6466 6366
6439 6465 6445
6248 6465 6255
6465 6248 6382
6466 6427 6374
6238 6466 6374
6466 6238 6348
6366 6466 6367
6372 6467 6457
6372 6430 6467
6380 6430 25811
6380 6467 6430
6457 6467 6456
6363 6368 6370
11348 11349 11350
11351 11352 11353
11361 11352 11360
11352 11361 11355
11362 11363 11364
11366 11465 11357
11465 11366 11464
11370 11360 11369
11360 11370 11361
11364 11371 11372
11371 11364 11363
11373 11374 11468
11357 11374 11366
11376 11464 11366
11464 11376 11463
11368 11377 11378
11377 11368 11367
11380 11369 11379
11369 11380 11370
11382 11371 11381
11371 11382 11372
11383 11384 11374
11366 11384 11376
11384 11366 11374
11448 11476 11377
11387 11379 11386
11379 11387 11380
11381 11441 11382
11388 11389 11384
11376 11389 11390
11389 11376 11384
11387 11391 11392
11391 11387 11386
11393 11440 11441
11455 11394 11389
11390 11394 11395
11394 11390 11389
11458 11396 11445
11394 11442 11443
11396 11444 11445
11397 11398 11399
11400 11398 11397
11401 11398 11400
11399 11398 11348
11385 11446 11447
11476 11448 11449
11394 11450 11395
11395 11450 11451
11462 11376 11390
11376 11462 11463
11476 11446 11385
11449 11453 11476
11394 11443 11450
11454 11442 11394
11388 11455 11389
11455 11454 11394
11383 11388 11384
11373 11383 11374
11357 11468 11374
11468 11479 11375
11465 11479 11357
11435 11358 11356
11396 11391 11403
11391 11396 11392
11403 11457 11396
11403 11456 11457
11396 11457 11444
11396 11458 11392
11393 11458 11440
11381 11393 11441
11393 11392 11458
11353 11352 11355
11353 11355 11354
11354 11355 11362
11461 11390 11395
11401 11404 11405
11397 11406 11400
11407 11406 11397
11408 11397 11399
11399 11409 11408
11399 11350 11410
11399 11410 11409
11408 11407 11397
11400 11411 11404
11400 11404 11401
11395 11451 11461
11350 11399 11348
11406 11411 11400
11392 11393 11387
11380 11387 11393
11380 11393 11381
11381 11370 11380
11370 11381 11371
11371 11361 11370
11361 11371 11363
11355 11363 11362
11461 11462 11390
11448 11433 11452
11433 11448 11377
11367 11434 11433
11477 11435 11434
11452 11433 11469
11479 11468 11357
11373 11468 11375
11359 11478 11402
11359 11477 11478
11367 11433 11377
11435 11477 11358
11446 11476 11453
11378 11476 11385
11476 11378 11377
11477 11434 11367
11368 11477 11367
11477 11368 11478
11358 11477 11359
11365 11479 11466
11365 11437 11479
11375 11437 30199
11375 11479 11437
11466 11479 11465
11355 11361 11363
11348 11490 11349
11351 11491 11352
11498 11352 11493
11352 11498 11360
11499 11501 11500
11586 11503 11495
11503 11586 11585
11505 11360 11498
11360 11505 11369
11506 11501 11507
11501 11506 11500
11508 11589 11509
11495 11503 11509
11585 11511 11503
11511 11585 11584
11512 11368 11378
11368 11512 11504
11513 11369 11505
11369 11513 11379
11515 11506 11507
11506 11515 11514
11516 11509 11517
11517 11503 11511
11503 11517 11509
11570 11512 11595
11518 11379 11513
11379 11518 11386
11514 11515 11564
11519 11517 11520
11520 11511 11521
11511 11520 11517
11391 11518 11522
11518 11391 11386
11523 11564 11563
11577 11520 11524
11524 11521 11525
11521 11524 11520
11579 11568 11526
11524 11566 11565
11526 11568 11567
11527 11528 11398
11529 11527 11398
11401 11529 11398
11528 11348 11398
11385 11447 11569
11595 11571 11570
11524 11525 11572
11525 11573 11572
11583 11521 11511
11511 11584 11583
11595 11385 11569
11571 11595 11575
11524 11572 11566
11576 11524 11565
11519 11520 11577
11577 11524 11576
11516 11517 11519
11508 11509 11516
11495 11509 11589
11589 11510 11597
11586 11495 11597
11558 11494 11496
11526 11391 11522
11391 11526 11403
11403 11526 11578
11403 11578 11456
11526 11567 11578
11526 11522 11579
11523 11563 11579
11514 11564 11523
11523 11579 11522
11491 11493 11352
11491 11492 11493
11492 11499 11493
11582 11525 11521
11401 11405 11530
11527 11529 11531
11532 11527 11531
11533 11528 11527
11528 11533 11534
11528 11535 11490
11528 11534 11535
11533 11527 11532
11529 11530 11536
11529 11401 11530
11525 11582 11573
11490 11348 11528
11531 11529 11536
11522 11518 11523
11513 11523 11518
11513 11514 11523
11514 11505 11506
11505 11514 11513
11506 11498 11500
11498 11506 11505
11493 11499 11500
11582 11521 11583
11570 11556 11512
11556 11570 11574
11504 11556 11557
11596 11557 11558
11574 11590 11556
11597 11495 11589
11508 11510 11589
11497 11402 11478
11497 11478 11596
11504 11512 11556
11558 11496 11596
11569 11575 11595
11595 11378 11385
11378 11595 11512
11596 11504 11557
11368 11504 11596
11596 11478 11368
11496 11497 11596
11502 11587 11597
11502 11597 11560
11510 30284 11560
11510 11560 11597
11587 11586 11597
11493 11500 11498
16478 16479 16480
16481 16482 16483
16491 16482 16490
16482 16491 16485
16492 16493 16494
16496 16595 16487
16595 16496 16594
16500 16490 16499
16490 16500 16491
16494 16501 16502
16501 16494 16493
16503 16504 16598
16487 16504 16496
16506 16594 16496
16594 16506 16593
16498 16507 16508
16507 16498 16497
16510 16499 16509
16499 16510 16500
16512 16501 16511
16501 16512 16502
16513 16514 16504
16496 16514 16506
16514 16496 16504
16578 16606 16507
16517 16509 16516
16509 16517 16510
16511 16571 16512
16518 16519 16514
16506 16519 16520
16519 16506 16514
16517 16521 16522
16521 16517 16516
16523 16570 16571
16585 16524 16519
16520 16524 16525
16524 16520 16519
16588 16526 16575
16524 16572 16573
16526 16574 16575
16527 16528 16529
16530 16528 16527
16531 16528 16530
16529 16528 16478
16515 16576 16577
16606 16578 16579
16524 16580 16525
16525 16580 16581
16592 16506 16520
16506 16592 16593
16606 16576 16515
16579 16583 16606
16524 16573 16580
16584 16572 16524
16518 16585 16519
16585 16584 16524
16513 16518 16514
16503 16513 16504
16487 16598 16504
16598 16609 16505
16595 16609 16487
16565 16488 16486
16526 16521 16533
16521 16526 16522
16533 16587 16526
16533 16586 16587
16526 16587 16574
16526 16588 16522
16523 16588 16570
16511 16523 16571
16523 16522 16588
16483 16482 16485
16483 16485 16484
16484 16485 16492
16591 16520 16525
16531 16534 16535
16527 16536 16530
16537 16536 16527
16538 16527 16529
16529 16539 16538
16529 16480 16540
16529 16540 16539
16538 16537 16527
16530 16541 16534
16530 16534 16531
16525 16581 16591
16480 16529 16478
16536 16541 16530
16522 16523 16517
16510 16517 16523
16510 16523 16511
16511 16500 16510
16500 16511 16501
16501 16491 16500
16491 16501 16493
16485 16493 16492
16591 16592 16520
16578 16563 16582
16563 16578 16507
16497 16564 16563
16607 16565 16564
16582 16563 16599
16609 16598 16487
16503 16598 16505
16489 16608 16532
16489 16607 16608
16497 16563 16507
16565 16607 16488
16576 16606 16583
16508 16606 16515
16606 16508 16507
16607 16564 16497
16498 16607 16497
16607 16498 16608
16488 16607 16489
16495 16609 16596
16495 16567 16609
16505 16567 34672
16505 16609 16567
16596 16609 16595
16485 16491 16493
16478 16620 16479
16481 16621 16482
16628 16482 16623
16482 16628 16490
16629 16631 16630
16716 16633 16625
16633 16716 16715
16635 16490 16628
16490 16635 16499
16636 16631 16637
16631 16636 16630
16638 16719 16639
16625 16633 16639
16715 16641 16633
16641 16715 16714
16642 16498 16508
16498 16642 16634
16643 16499 16635
16499 16643 16509
16645 16636 16637
16636 16645 16644
16646 16639 16647
16647 16633 16641
16633 16647 16639
16700 16642 16725
16648 16509 16643
16509 16648 16516
16644 16645 16694
16649 16647 16650
16650 16641 16651
16641 16650 16647
16521 16648 16652
16648 16521 16516
16653 16694 16693
16707 16650 16654
16654 16651 16655
16651 16654 16650
16709 16698 16656
16654 16696 16695
16656 16698 16697
16657 16658 16528
16659 16657 16528
16531 16659 16528
16658 16478 16528
16515 16577 16699
16725 16701 16700
16654 16655 16702
16655 16703 16702
16713 16651 16641
16641 16714 16713
16725 16515 16699
16701 16725 16705
16654 16702 16696
16706 16654 16695
16649 16650 16707
16707 16654 16706
16646 16647 16649
16638 16639 16646
16625 16639 16719
16719 16640 16727
16716 16625 16727
16688 16624 16626
16656 16521 16652
16521 16656 16533
16533 16656 16708
16533 16708 16586
16656 16697 16708
16656 16652 16709
16653 16693 16709
16644 16694 16653
16653 16709 16652
16621 16623 16482
16621 16622 16623
16622 16629 16623
16712 16655 16651
16531 16535 16660
16657 16659 16661
16662 16657 16661
16663 16658 16657
16658 16663 16664
16658 16665 16620
16658 16664 16665
16663 16657 16662
16659 16660 16666
16659 16531 16660
16655 16712 16703
16620 16478 16658
16661 16659 16666
16652 16648 16653
16643 16653 16648
16643 16644 16653
16644 16635 16636
16635 16644 16643
16636 16628 16630
16628 16636 16635
16623 16629 16630
16712 16651 16713
16700 16686 16642
16686 16700 16704
16634 16686 16687
16726 16687 16688
16704 16720 16686
16727 16625 16719
16638 16640 16719
16627 16532 16608
16627 16608 16726
16634 16642 16686
16688 16626 16726
16699 16705 16725
16725 16508 16515
16508 16725 16642
16726 16634 16687
16498 16634 16726
16726 16608 16498
16626 16627 16726
16632 16717 16727
16632 16727 16690
16640 34757 16690
16640 16690 16727
16717 16716 16727
16623 16630 16628
