byte offset: 0
first index: 0
index count: 11286
topology: trianglelist
format: DXGI_FORMAT_R16_UINT

0 1 2
1 0 3
0 4 3
1 3 5
6 1 5
7 6 5
7 8 6
9 6 8
10 9 8
9 11 6
1 6 11
2 1 11
0 12 4
12 0 13
0 14 13
0 2 14
12 13 15
12 15 16
17 4 12
17 18 4
19 18 17
19 20 18
21 22 23
22 21 24
23 25 21
25 23 26
26 27 25
27 26 28
28 29 27
29 28 30
30 31 29
31 30 32
32 33 31
33 32 34
34 35 33
35 34 36
36 37 35
38 39 40
39 38 41
41 42 39
42 41 43
43 44 42
44 43 45
46 47 48
47 46 49
50 49 46
49 50 51
47 52 48
52 47 53
54 52 53
55 56 57
56 55 58
58 59 56
59 58 60
61 62 63
63 62 64
65 61 63
65 66 61
66 65 67
67 68 66
68 67 69
69 70 68
70 69 71
65 63 72
72 67 65
67 72 73
73 69 67
74 73 72
74 75 73
69 73 75
75 71 69
75 74 76
76 74 77
77 74 78
72 78 74
79 76 77
79 80 76
79 81 80
81 82 80
82 81 83
71 75 84
85 84 75
80 85 76
76 85 75
86 85 80
84 85 86
80 82 86
86 87 84
88 84 87
84 88 71
88 70 71
70 88 89
90 91 92
93 91 90
91 93 94
95 96 97
98 96 95
99 96 98
96 99 100
98 101 99
102 100 103
103 104 102
104 105 102
105 106 102
104 103 107
108 109 110
111 110 109
110 111 112
110 112 113
113 112 114
113 114 115
116 117 118
117 116 119
117 119 120
121 122 123
122 121 124
125 124 121
124 125 126
127 126 125
126 127 128
129 128 127
130 128 129
131 132 133
132 131 134
135 132 134
132 135 136
136 137 132
133 132 137
137 136 138
134 131 139
140 134 139
134 140 135
139 141 140
133 137 142
142 143 133
144 145 146
145 144 147
148 147 144
147 148 149
150 149 148
149 150 151
152 151 150
151 152 153
154 153 152
153 154 155
156 157 158
156 159 157
159 156 160
159 161 157
161 159 162
163 161 162
164 165 166
167 164 166
166 165 168
167 169 164
170 164 169
169 171 170
172 173 174
175 173 172
175 172 176
176 177 175
178 177 176
172 174 179
174 180 179
179 181 172
182 176 172
181 182 172
183 176 182
182 184 183
182 181 184
183 184 185
176 183 186
178 176 186
187 186 183
187 188 186
188 178 186
188 187 189
189 190 188
190 189 191
191 192 190
192 191 193
192 194 190
195 188 190
194 195 190
188 195 178
196 178 195
178 196 197
198 196 195
194 198 195
193 191 199
191 200 199
200 191 189
187 200 189
187 201 200
202 199 200
199 202 203
200 204 202
204 200 201
201 205 204
205 201 206
201 207 206
206 207 208
208 207 185
208 185 209
210 206 208
206 210 205
210 208 209
210 209 211
212 199 203
213 212 203
212 193 199
207 183 185
187 183 207
201 187 207
214 215 216
216 215 217
216 217 218
214 219 215
218 220 216
221 220 218
220 222 216
220 221 223
221 224 223
225 220 223
216 226 214
226 216 222
222 227 226
227 222 228
220 225 228
228 222 220
228 229 227
229 228 230
228 225 231
230 228 231
232 231 225
225 223 232
231 232 233
234 232 223
223 235 234
223 224 235
236 234 235
234 236 237
232 234 238
237 238 234
232 238 239
233 232 239
238 237 240
239 238 240
239 240 241
230 242 229
242 230 243
231 243 230
243 231 244
233 244 231
244 233 245
239 245 233
245 239 246
239 241 247
246 239 247
244 248 243
242 243 248
249 242 248
248 244 250
245 250 244
250 245 251
246 251 245
251 246 252
247 252 246
252 247 253
254 255 256
255 254 257
256 258 254
258 256 259
259 260 258
260 259 261
261 262 260
262 261 263
263 264 262
264 263 265
265 266 264
266 265 267
267 268 266
268 267 269
268 269 270
257 271 255
271 257 272
272 273 271
273 272 274
274 275 273
275 274 276
276 277 275
277 276 278
178 197 177
279 280 281
280 282 281
282 283 281
283 282 284
283 284 285
284 286 285
287 288 289
288 287 290
289 291 287
292 291 289
289 288 293
294 291 292
295 288 290
294 292 296
296 297 294
298 299 300
301 298 300
301 300 302
303 301 302
304 303 302
303 304 305
303 305 306
306 305 307
308 309 310
311 312 313
314 312 311
315 314 311
314 315 316
317 316 315
316 317 318
319 318 317
318 319 320
319 321 320
321 319 322
322 323 321
323 322 324
324 325 323
325 324 326
326 327 325
327 326 328
329 327 328
327 329 330
329 331 330
331 329 332
332 333 331
333 332 334
335 333 334
333 335 336
337 336 335
336 337 338
337 339 338
339 337 340
341 339 340
339 341 342
343 342 341
342 343 344
345 344 343
344 345 346
347 346 345
346 347 348
347 349 348
349 347 350
350 351 349
351 350 352
352 353 351
353 352 354
353 354 355
354 356 355
357 355 356
358 359 360
358 361 359
362 363 364
365 366 367
365 368 366
369 366 368
366 370 367
366 369 371
366 371 372
373 366 372
366 373 374
366 374 375
375 376 366
366 376 377
370 366 378
366 379 378
379 366 380
380 366 377
381 382 383
382 381 384
383 385 381
385 383 386
384 387 382
387 384 388
386 389 385
389 386 390
391 389 390
388 392 387
392 388 393
393 394 392
394 393 395
396 397 398
399 397 396
397 399 400
399 401 400
401 399 402
402 403 401
403 402 404
404 405 403
405 404 406
406 407 405
408 407 406
407 408 409
409 410 407
411 410 409
411 409 412
413 411 412
414 413 412
415 413 414
416 415 414
416 417 415
417 416 418
417 418 419
419 418 420
421 422 423
424 423 422
423 424 425
426 427 428
426 428 429
426 429 430
431 426 430
431 430 432
430 433 432
430 429 433
429 434 433
434 429 435
429 428 435
433 436 432
437 432 436
432 437 438
439 438 437
433 440 436
440 433 434
440 434 441
435 441 434
440 441 442
442 441 443
442 444 440
445 440 444
445 437 436
440 445 436
444 442 446
446 447 444
447 448 444
448 445 444
448 447 449
447 446 450
450 451 447
451 450 452
452 453 451
453 452 454
455 454 452
454 455 456
457 456 455
456 457 458
456 459 454
459 456 460
458 460 456
460 458 461
462 459 460
463 462 460
463 460 461
454 464 453
464 454 459
465 464 459
466 465 459
465 467 464
466 459 468
462 468 459
464 469 453
464 467 469
469 467 470
471 469 470
471 470 472
471 473 469
453 469 473
471 474 473
475 474 471
476 475 471
472 476 471
472 477 476
474 478 473
478 474 479
475 479 474
479 475 480
481 480 475
451 473 478
473 451 453
475 482 481
482 475 483
477 483 476
483 475 476
484 482 483
484 483 477
482 484 485
484 486 485
486 484 487
484 477 487
488 485 486
485 488 489
488 490 489
491 489 490
490 488 492
491 493 489
493 482 485
493 485 489
482 493 494
481 482 494
481 494 495
496 481 495
494 493 497
498 493 491
493 498 497
497 498 499
491 500 498
500 491 490
501 490 492
490 501 502
500 490 502
494 497 503
499 503 497
495 494 503
504 503 499
505 503 504
503 505 506
495 503 506
507 506 505
506 507 508
509 495 506
496 495 509
509 506 508
481 496 480
510 508 507
508 510 511
512 508 511
508 512 509
513 509 512
509 513 496
496 514 480
496 513 514
515 513 512
511 515 512
511 516 515
516 511 510
516 510 517
513 515 518
513 518 519
513 519 514
518 520 519
516 521 515
519 522 514
480 514 522
522 519 523
520 523 519
523 524 522
479 522 524
524 523 525
526 525 523
523 520 526
525 526 527
480 522 479
448 524 525
524 448 449
449 479 524
479 449 478
447 478 449
478 447 451
528 526 520
526 528 439
439 527 526
529 439 528
529 528 530
531 530 528
531 532 530
532 531 533
534 533 531
533 534 535
536 530 532
530 536 537
530 537 529
538 537 536
537 538 539
540 539 538
539 540 541
542 541 540
541 542 543
542 544 543
544 542 545
545 546 544
546 545 547
547 548 546
548 547 549
549 550 548
550 549 551
551 552 550
552 551 553
553 554 552
554 553 555
556 554 555
554 556 557
558 557 556
557 558 559
535 559 558
559 535 534
560 557 559
561 552 554
557 561 554
561 557 562
562 557 560
560 521 562
534 563 559
559 563 560
563 534 531
563 531 528
563 528 520
563 520 518
515 563 518
563 515 560
521 560 515
564 521 565
521 516 565
517 565 516
564 565 566
566 565 567
517 567 565
567 517 510
567 568 566
569 568 567
567 510 569
510 570 569
570 510 507
507 571 570
571 507 505
505 572 571
572 505 504
504 573 572
574 571 572
575 571 574
575 570 571
573 576 572
576 573 577
577 578 576
579 576 578
579 572 576
574 572 579
580 574 579
581 574 580
581 575 574
582 579 578
580 579 582
578 577 583
583 577 584
585 580 582
582 586 585
587 586 582
582 588 587
578 588 582
589 587 588
587 589 590
591 588 578
583 591 578
583 592 591
584 592 583
592 593 591
588 593 589
593 588 591
593 592 594
587 595 586
587 590 595
580 585 596
585 597 596
597 585 598
585 599 598
600 599 585
595 600 586
586 600 585
599 601 598
602 600 595
602 599 600
599 602 603
599 603 604
599 604 601
604 603 605
606 598 601
598 606 597
601 607 606
607 601 608
608 601 604
608 609 607
609 608 610
610 611 609
611 610 612
612 457 611
457 612 458
613 612 610
613 610 614
610 608 614
614 608 604
614 604 605
612 613 615
615 458 612
458 615 461
616 615 613
463 615 616
463 461 615
617 614 605
617 613 614
618 613 617
618 619 613
616 613 619
620 609 611
609 620 621
621 607 609
607 621 622
623 622 621
621 620 623
622 623 624
625 624 623
624 625 626
627 624 626
628 622 624
628 624 627
622 628 629
620 630 623
623 630 625
625 630 631
630 632 631
620 632 630
632 620 633
634 632 633
633 455 634
452 634 455
634 452 450
455 633 457
450 446 634
632 634 635
446 635 634
635 636 632
442 636 635
446 442 635
442 443 636
443 637 636
637 443 638
639 638 443
636 637 640
636 640 641
636 641 632
441 639 443
441 435 639
639 435 642
428 642 435
631 641 640
631 632 641
631 640 643
644 631 643
643 645 644
625 631 644
625 644 646
626 625 646
626 646 647
648 626 647
647 649 648
649 647 650
646 650 647
626 648 651
648 652 651
653 652 648
653 648 649
654 651 652
655 653 649
655 649 656
649 650 656
655 656 657
654 627 651
626 651 627
627 654 658
650 646 659
646 644 659
660 658 654
660 654 661
661 654 652
662 661 652
662 652 663
652 653 663
663 653 655
663 655 664
662 663 665
663 666 665
666 663 664
665 666 667
665 667 668
669 661 662
669 670 661
671 670 669
670 671 672
672 673 670
673 672 674
674 675 673
675 674 676
676 677 675
677 676 678
669 679 671
679 669 680
680 681 679
681 668 682
668 681 683
681 680 683
684 682 668
682 684 685
686 685 684
685 686 687
688 687 686
687 688 689
690 689 688
689 690 691
692 691 690
691 692 693
692 694 693
694 692 695
695 696 694
696 695 697
697 678 696
678 697 677
698 697 695
699 692 690
699 695 692
695 699 700
700 698 695
698 700 566
677 697 701
697 698 701
701 675 677
701 702 675
675 702 673
703 673 702
673 703 670
670 703 661
661 703 660
703 702 660
702 704 660
704 702 705
701 705 702
705 706 704
707 704 706
704 707 658
658 660 704
706 708 707
708 706 709
597 708 709
710 709 706
706 705 710
711 710 705
712 710 711
568 712 711
712 568 713
575 712 713
713 570 575
570 713 569
569 713 568
712 575 581
709 710 714
712 714 710
581 714 712
581 596 714
596 597 709
596 709 714
580 596 581
597 629 708
628 708 629
708 628 707
627 707 628
707 627 658
606 622 629
622 606 607
629 597 606
715 716 717
718 715 717
715 718 719
720 719 718
719 720 721
722 721 720
721 722 723
724 725 726
725 724 727
728 729 730
729 728 731
728 732 731
732 728 733
733 734 732
734 733 735
736 730 729
730 736 737
738 737 736
737 738 739
738 740 739
739 740 741
740 742 741
742 740 743
743 744 742
744 743 745
745 743 746
747 748 749
748 747 750
751 749 748
749 751 752
753 752 751
752 753 754
755 754 753
754 755 756
757 756 755
756 757 758
759 758 757
758 759 760
761 760 759
760 761 762
763 762 761
762 763 764
765 764 763
764 765 766
767 766 765
766 767 768
767 769 768
769 767 770
771 772 773
773 774 771
773 775 774
775 776 774
776 775 777
777 778 776
778 777 779
780 778 779
778 780 781
772 782 773
782 772 783
783 784 782
784 783 785
785 786 784
786 785 787
787 788 786
788 787 789
789 790 788
790 789 791
791 792 790
792 791 793
794 792 793
795 794 793
796 794 795
796 795 797
798 796 797
799 798 797
800 798 799
800 799 801
802 800 801
803 802 801
801 804 803
805 806 807
808 806 805
808 805 809
810 807 806
811 808 809
808 811 812
813 812 811
812 813 814
814 813 815
814 815 816
817 814 816
817 816 818
818 816 819
818 819 820
820 819 821
822 820 821
823 822 821
823 824 822
823 825 824
826 827 828
827 826 829
830 826 828
826 830 831
829 832 827
832 829 833
833 834 832
834 833 835
836 837 838
839 836 838
840 839 838
838 841 840
840 841 842
843 840 842
843 842 844
845 843 844
845 844 846
847 845 846
845 847 848
836 849 837
849 850 837
850 849 851
850 851 852
853 852 851
852 853 854
855 854 853
856 857 858
856 859 857
859 856 860
860 861 859
861 860 862
863 861 862
861 863 864
865 864 863
864 865 866
867 868 869
868 867 870
871 870 867
870 871 872
873 874 875
874 873 876
875 877 873
877 875 878
877 878 879
879 880 877
881 882 883
882 881 884
885 886 887
885 888 886
885 887 889
890 889 887
890 891 889
892 893 894
893 892 895
892 896 895
896 892 897
897 898 896
899 900 901
900 899 902
901 903 899
903 901 904
905 906 907
906 905 908
909 906 908
906 909 910
911 912 913
912 911 914
914 915 912
915 914 916
916 917 915
917 916 918
919 917 918
917 919 920
921 920 919
920 921 922
923 922 921
922 923 924
925 924 923
913 926 911
925 923 927
928 929 930
929 928 931
932 928 930
928 932 933
932 934 933
934 932 935
935 936 934
936 935 937
938 936 937
936 938 939
940 939 938
939 940 941
942 941 940
941 942 943
942 944 943
945 946 947
948 945 947
945 948 949
948 950 949
950 948 951
951 952 950
952 951 953
954 952 953
952 954 955
956 955 954
955 956 957
958 957 956
957 958 959
951 960 961
960 962 961
962 960 963
963 964 962
964 963 965
960 951 966
967 966 951
966 967 968
967 969 968
969 967 970
969 970 971
965 972 964
972 965 973
974 975 976
977 978 979
978 977 980
981 979 978
979 981 982
983 984 985
984 983 986
985 987 983
987 985 988
989 990 991
989 992 990
989 993 992
993 989 994
995 996 997
998 750 747
750 998 999
1000 313 312
1001 1002 1003
1004 1002 1001
1001 1005 1004
1005 1001 1006
1007 1006 1001
1008 1004 1005
1004 1008 1009
1002 1004 1009
1010 1009 1008
1009 1010 1011
1009 1012 1002
1005 1013 1008
1013 1005 1014
1008 1015 1010
1015 1008 1013
1016 1015 1013
1017 1010 1015
1010 1017 1018
1018 1011 1010
1019 1018 1017
1020 1019 1017
1017 1021 1020
1015 1021 1017
1018 1019 1022
1011 1018 1023
1022 1023 1018
1023 1022 1024
1016 1025 1015
1021 1015 1025
1025 1026 1021
1027 1013 1014
1013 1027 1028
1016 1013 1028
1014 1029 1027
1029 1014 1030
1031 1029 1030
1028 1027 1032
1031 1033 1029
1033 1027 1029
1031 1034 1033
1034 1031 1035
1035 1031 1036
1037 1035 1036
1035 1037 1038
1037 1039 1038
1039 1037 1040
1041 1039 1040
1042 1041 1040
1041 1042 1043
1039 1041 1044
1045 1042 1040
1045 1037 1036
1045 1040 1037
1042 1045 1046
1047 1046 1045
1048 1047 1045
1036 1048 1045
1007 1048 1036
1046 1047 1049
1007 1050 1048
1048 1051 1047
1050 1051 1048
1052 1049 1047
1051 1052 1047
1049 1052 1053
1052 1054 1053
1054 1052 1055
1055 1052 1051
1051 1056 1055
1056 1051 1050
1050 1003 1056
1003 1050 1001
1050 1007 1001
1044 1057 1058
1059 1058 1057
1060 1059 1057
1057 1043 1060
1043 1057 1041
1057 1044 1041
1059 1060 1061
1061 1062 1059
1062 1063 1059
1058 1059 1063
1063 1062 1064
1064 1062 1065
1066 1065 1062
1062 1061 1066
1066 1067 1065
1068 1069 1070
1071 1070 1069
1069 1072 1071
1071 1073 1070
1074 1071 1072
1071 1074 1075
1071 1075 1073
1072 1076 1074
1077 1076 1072
1076 1077 1078
1078 1074 1076
1079 1078 1077
1074 1078 1080
1080 1081 1074
1074 1081 1075
1081 1080 1082
1082 1083 1081
1083 1082 1084
1084 1085 1083
1083 1085 1086
1085 1084 1087
1088 1087 1084
1089 1088 1084
1078 1079 1090
1090 1080 1078
1080 1090 1091
1091 1082 1080
1082 1091 1092
1084 1092 1089
1092 1084 1082
1092 1091 1093
1091 1090 1094
1091 1094 1093
1094 1095 1093
1096 1093 1095
1093 1096 1097
1093 1097 1092
1095 1094 1098
1089 1092 1099
1092 1097 1099
1100 1095 1098
1095 1100 1101
1095 1101 1102
1102 1096 1095
1102 1103 1096
1104 1097 1096
1104 1096 1103
1105 1100 1098
1100 1105 1106
1098 1107 1105
1107 1098 1094
1108 1105 1107
1108 1106 1105
1107 1109 1108
1108 1110 1106
1108 1111 1110
1109 1107 1079
1090 1079 1107
1090 1107 1094
1077 1109 1079
1112 1113 1114
1115 1112 1114
1114 1116 1115
1114 1117 1116
1117 1114 1118
1113 1118 1114
1115 1119 1112
1119 1115 1120
1113 1073 1118
1120 1121 1119
1121 1120 1122
1118 1123 1117
1118 1075 1123
1118 1073 1075
1123 1086 1117
1124 1119 1121
1119 1124 1125
1126 1119 1125
1119 1126 1112
1127 1112 1126
1112 1127 1113
1128 1113 1127
1113 1128 1129
1113 1129 1073
1130 1129 1128
1129 1130 1131
1129 1131 1070
1130 1068 1131
1070 1131 1068
1068 1130 1132
1129 1070 1073
1121 1133 1124
1133 1121 1134
1134 1135 1133
1135 1134 1136
1134 1137 1136
1138 1136 1137
1135 1136 1138
1137 1134 1139
1122 1134 1121
1134 1122 1139
1140 1141 1033
1032 1141 1140
1027 1033 1141
1027 1141 1032
1140 1033 1034
1012 1142 1143
1144 1143 1142
1143 1144 1145
1145 1146 1143
1023 1144 1142
1142 1011 1023
1144 1023 1024
1009 1142 1012
1009 1011 1142
1147 1148 1149
1148 1147 1150
1151 1148 1150
1148 1151 1152
1153 1152 1151
1152 1153 1154
1155 1154 1153
1154 1155 1156
1157 1156 1155
1156 1157 1158
1159 1160 1161
1162 1160 1159
1163 1159 1161
1163 1161 1164
1162 1165 1160
1166 1165 1162
1167 1166 1162
1168 1166 1167
1169 1170 1171
1172 1170 1169
1173 1174 1175
1174 1173 1176
1176 1177 1174
1177 1176 1178
1179 1173 1175
1180 1181 1182
1181 1180 1183
1183 1184 1181
1184 1183 1185
1185 1186 1184
1186 1185 1187
1187 1188 1186
1188 1187 1189
1190 1188 1189
1188 1190 1191
1182 1192 1180
1193 1191 1190
1191 1193 1194
1195 1194 1193
1194 1195 1196
1197 1196 1195
1196 1197 1198
1030 1005 1006
1005 1030 1014
1007 1030 1006
1007 1031 1030
1031 1007 1036
1123 1081 1083
1123 1075 1081
1123 1083 1086
1021 1026 1199
1021 1199 1020
1200 1201 1202
1203 1202 1201
1204 1205 1206
1205 1204 1207
1204 1208 1207
1204 1209 1208
1210 1208 1209
1208 1210 1211
1210 1212 1211
1212 1210 1213
1214 1206 1205
1206 1214 1215
1216 1215 1214
1216 1217 1215
1206 1215 1217
1217 1216 1218
1218 1216 1219
1214 1205 1220
1220 1221 1214
1216 1214 1221
1221 1220 1222
1221 1222 1223
1224 1216 1221
1224 1225 1216
1226 1227 1228
1227 1226 1229
1230 1227 1229
1230 1231 1227
1230 1232 1231
1232 1230 1233
1234 1232 1233
1232 1234 1235
1228 1236 1226
1236 1228 1237
1237 1228 1238
1238 1239 1237
1239 1236 1237
1239 1238 1240
1239 1240 1241
1239 1242 1236
1242 1239 1243
1242 1244 1236
1244 1242 1245
1245 1242 1246
1239 1247 1243
1226 1236 1244
1248 1249 1250
1249 1248 1251
1252 1253 1254
1253 1252 1255
1254 1256 1252
1256 1254 1257
1258 1256 1257
1256 1258 1259
1260 1259 1258
1259 1260 1261
1255 1262 1253
1262 1255 1263
1263 1264 1262
1264 1263 1265
1266 1267 1268
1267 1266 1269
1270 1269 1266
1269 1270 1271
1270 1272 1271
1272 1270 1273
1273 1274 1272
1274 1273 1275
1276 1268 1267
1268 1276 1277
1278 1277 1276
1277 1278 1279
1280 1281 1282
1281 1280 1283
1284 1285 1286
1285 1284 1287
1288 1289 1290
1289 1288 1291
1292 1293 1294
1293 1292 1295
1296 1297 1298
1297 1296 1299
1300 1301 1302
1301 1300 1303
1304 1305 1306
1305 1304 1307
1306 1308 1304
1308 1306 1309
1309 1310 1308
1310 1309 1311
1311 1312 1310
1312 1311 1313
1313 1314 1312
1314 1313 1315
1316 1314 1315
1314 1316 1317
1318 1317 1316
1317 1318 1319
1320 1319 1318
1319 1320 1321
1320 1322 1321
1322 1320 1323
1324 1322 1323
1322 1324 1325
1326 1325 1324
1325 1326 1327
1328 1327 1326
1327 1328 1329
1330 1329 1328
1329 1330 1331
1332 1331 1330
1331 1332 1333
1334 1333 1332
1333 1334 1335
1336 1335 1334
1335 1336 1337
1338 1337 1336
1337 1338 1339
1340 1339 1338
1339 1340 1341
1342 1343 1344
1343 1342 1345
1344 1346 1342
1346 1344 1347
1347 1348 1346
1348 1347 1349
1349 1350 1348
1350 1349 1351
1351 1352 1350
1352 1351 1353
1352 1353 1354
1352 1354 1355
1352 1355 1356
1352 1356 1357
1358 1357 1356
1357 1358 1359
1359 1358 1360
1359 1360 1361
1362 1359 1361
1359 1362 1363
1363 1362 1364
1363 1364 1365
1365 1364 1366
1367 1365 1366
1365 1367 1368
1369 1368 1367
1368 1369 1370
1369 1371 1370
1371 1372 1370
1373 1374 1375
1374 1373 1376
1377 1376 1373
1376 1377 1378
1379 1378 1377
1378 1379 1380
1381 1380 1379
1380 1381 1382
1383 1382 1381
1382 1383 1384
1385 1384 1383
1384 1385 1386
1385 1387 1386
1387 1385 1388
1389 1387 1388
1387 1389 1390
1391 1390 1389
1390 1391 1392
1393 1392 1391
1392 1393 1394
1393 1395 1394
1395 1393 1396
1396 1397 1395
1397 1396 1398
1398 1399 1397
1399 1398 1400
1400 1401 1399
1401 1400 1402
1402 1403 1401
1403 1402 1404
1404 1405 1403
1405 1404 1406
1406 1407 1405
1407 1406 1408
1408 1409 1407
1409 1408 1410
1411 1412 1413
1412 1411 1414
1415 1414 1411
1414 1415 1416
1417 1416 1415
1416 1417 1418
1419 1417 1415
1417 1419 1420
1415 1421 1419
1421 1415 1411
1411 1422 1421
1422 1411 1413
1420 1423 1417
1423 1418 1417
1423 1420 1424
1425 1423 1424
1423 1425 1426
1427 1423 1426
1423 1427 1428
1418 1423 1428
1429 1427 1426
1430 1429 1426
1431 1430 1426
1430 1431 1432
1431 1433 1432
1433 1431 1434
1435 1433 1434
1436 1435 1434
1434 1437 1436
1437 1434 1438
1439 1437 1438
1434 1440 1438
1438 1440 1441
1440 1434 1442
1434 1443 1442
1434 1444 1443
1431 1444 1434
1444 1431 1445
1431 1446 1445
1446 1431 1426
1426 1447 1446
1426 1425 1447
1438 1441 1448
1439 1438 1448
1449 1439 1448
1448 1441 1450
1448 1451 1449
1451 1448 1452
1452 1453 1451
1453 1452 1454
1452 1455 1454
1455 1452 1456
1448 1456 1452
1456 1448 1450
1457 1453 1454
1455 1458 1454
1459 1457 1454
1458 1459 1454
1460 1461 1462
1375 1462 1461
1462 1375 1374
1463 1464 1465
1465 1464 1466
1413 1463 1465
1466 1413 1465
1463 1413 1412
1413 1466 1422
1467 1468 1469
1469 1307 1467
1307 1469 1305
1470 1471 1472
1472 1345 1470
1345 1472 1343
1473 1474 1475
1476 1475 1474
1475 1476 1477
1478 1477 1476
1477 1478 1479
1480 1479 1478
1479 1480 1481
1482 1481 1480
1481 1482 1483
1484 1483 1482
1483 1484 1485
1486 1485 1484
1485 1486 1487
1488 1487 1486
1489 1488 1486
1490 1489 1486
1490 1486 1491
1491 1492 1490
1492 1491 1493
1494 1492 1493
1495 1494 1493
1493 1496 1495
1496 1493 1497
1498 1496 1497
1498 1497 1499
1500 1498 1499
1499 1501 1500
1501 1499 1502
1502 1503 1501
1503 1502 1504
1505 1503 1504
1505 1504 1506
1507 1508 1509
1509 1510 1507
1509 1511 1510
1507 1510 1512
1513 1511 1509
1514 1511 1513
1514 1513 1515
1516 1515 1513
1517 1515 1516
1516 1513 1518
1518 1513 1509
1508 1518 1509
1507 1519 1508
1507 1520 1519
1521 1520 1507
1507 1512 1521
1521 1522 1520
1521 1523 1522
1524 1521 1512
1524 1512 1525
1526 1524 1525
1526 1525 1527
1528 1529 1530
1529 1528 1531
1532 1530 1529
1530 1532 1533
1534 1533 1532
1533 1534 1535
1536 1535 1534
1535 1536 1537
1538 1537 1536
1537 1538 1539
1540 1539 1538
1539 1540 1541
1542 1541 1540
1541 1542 1543
1543 1542 1544
1545 1546 1547
1546 1545 1548
1549 1548 1545
1548 1549 1550
1551 1550 1549
1550 1551 1552
1553 1554 1555
1554 1553 1556
1556 1557 1554
1557 1556 1558
1559 1553 1555
1553 1559 1560
1561 1560 1559
1562 1563 1564
1563 1562 1565
1566 1564 1563
1564 1566 1567
1568 1569 1570
1569 1571 1570
1572 1569 1568
1573 1572 1568
1572 1573 1574
1575 1574 1573
1574 1575 1576
1577 1576 1575
1576 1577 1578
1572 1579 1569
1574 1579 1572
1579 1574 1580
1576 1580 1574
1581 1579 1580
1582 1581 1580
1580 1576 1582
1578 1582 1576
1581 1582 1583
1583 1582 1584
1583 1584 1585
1583 1586 1581
1586 1587 1581
1579 1581 1587
1588 1586 1583
1588 1583 1585
1588 1585 1589
1590 1589 1585
1589 1590 1591
1592 1590 1585
1585 1584 1592
1582 1578 1593
1593 1592 1584
1582 1593 1584
1592 1593 1594
1593 1595 1594
1595 1593 1578
1595 1578 1577
1577 1596 1595
1597 1598 1599
1599 1600 1597
1600 1599 1601
1602 1603 1604
1603 1605 1604
1605 1603 1606
1603 1607 1606
1607 1608 1606
1607 1609 1608
1610 1611 1612
1612 1613 1610
1612 1614 1613
1615 1616 1617
1616 1615 1618
1618 1619 1616
1619 1618 1620
1620 1621 1619
1621 1620 1622
1623 1621 1622
1624 1623 1622
1625 1626 1627
1626 1625 1628
1626 1629 1627
1629 1626 1630
1631 1630 1626
1628 1631 1626
1630 1631 1632
1627 1633 1625
1634 1627 1629
1627 1634 1633
1633 1634 1635
1628 1636 1631
1636 1628 1637
1638 1639 1640
1639 1638 1641
1641 1642 1639
1642 1641 1643
1643 1644 1642
1644 1643 1645
1645 1646 1644
1646 1645 1647
1647 1648 1646
1648 1647 1649
1650 1651 1652
1653 1650 1652
1650 1653 1654
1655 1653 1652
1653 1655 1656
1657 1656 1655
1658 1659 1660
1661 1659 1658
1659 1662 1660
1661 1658 1663
1664 1663 1658
1663 1664 1665
1666 1667 1668
1669 1666 1668
1669 1670 1666
1670 1669 1671
1672 1670 1671
1673 1670 1672
1670 1673 1674
1675 1674 1673
1676 1675 1673
1676 1673 1672
1675 1676 1677
1678 1677 1676
1677 1678 1679
1680 1679 1678
1679 1680 1681
1680 1678 1682
1683 1676 1672
1676 1683 1678
1682 1678 1683
1672 1684 1683
1684 1672 1685
1672 1671 1685
1686 1683 1684
1682 1683 1686
1681 1687 1679
1679 1688 1677
1688 1679 1687
1675 1677 1688
1687 1689 1688
1689 1687 1690
1691 1688 1689
1688 1691 1692
1693 1692 1691
1692 1693 1694
1695 1694 1693
1694 1695 1696
1694 1696 1697
1692 1694 1697
1696 1698 1697
1692 1697 1675
1675 1688 1692
1696 1699 1698
1695 1699 1696
1695 1700 1699
1701 1690 1687
1702 1690 1701
1675 1697 1674
1697 1698 1674
1674 1698 1703
1704 1674 1703
1674 1704 1670
1704 1666 1670
1704 1703 1705
1705 1666 1704
1706 1666 1705
1666 1706 1667
1667 1706 1707
1701 1687 1681
1708 1709 1710
1709 1711 1710
1709 1712 1711
1708 1710 1713
1712 1709 1714
1715 1712 1714
1714 1709 1716
1714 1717 1715
1715 1717 1718
1717 1719 1718
1720 1709 1708
1709 1720 1716
1721 1716 1720
1716 1721 1722
1714 1716 1722
1723 1722 1721
1722 1723 1724
1724 1725 1722
1726 1724 1723
1724 1726 1727
1727 1725 1724
1725 1727 1728
1728 1729 1725
1730 1725 1729
1725 1730 1731
1731 1730 1717
1725 1731 1722
1729 1732 1730
1730 1733 1717
1717 1733 1719
1733 1734 1719
1734 1733 1735
1733 1730 1736
1736 1735 1733
1732 1736 1730
1732 1737 1736
1735 1736 1737
1729 1728 1738
1738 1732 1729
1732 1738 1739
1740 1728 1727
1728 1740 1741
1741 1738 1728
1738 1741 1742
1742 1739 1738
1739 1742 1743
1743 1744 1739
1739 1744 1732
1732 1744 1745
1732 1745 1737
1744 1743 1746
1747 1740 1726
1726 1740 1727
1748 1749 1750
1749 1748 1751
1752 1751 1748
1751 1752 1753
1754 1753 1752
1753 1754 1755
1756 1755 1754
1755 1756 1757
1758 1757 1756
1757 1758 1759
1760 1759 1758
1759 1760 1761
1762 1761 1760
1761 1762 1763
1762 1764 1763
1765 1750 1749
1766 1767 1765
1767 1766 1768
1750 1765 1767
1769 1768 1766
1768 1769 1770
1771 1770 1769
1770 1771 1772
1722 1731 1714
1731 1717 1714
1773 1774 1775
1775 1774 1776
1776 1774 1777
1777 1778 1776
1777 1779 1778
1778 1779 1780
1781 1782 1783
1783 1784 1781
1782 1781 1785
1786 1782 1785
1782 1787 1783
1788 1786 1785
1789 1784 1783
1788 1790 1786
1790 1788 1791
1792 1793 1794
1795 1793 1792
1795 1796 1793
1797 1796 1795
1798 1796 1797
1797 1799 1798
1797 1800 1799
1800 1801 1799
1802 1803 1804
1805 1806 1807
1805 1807 1808
1809 1810 1811
1812 1813 1814
1815 1813 1812
1812 1816 1815
1812 1814 1817
1812 1818 1816
1812 1819 1818
1820 1819 1812
1812 1821 1820
1812 1822 1821
1822 1812 1823
1823 1812 1824
1817 1825 1812
1812 1825 1826
1826 1827 1812
1827 1824 1812
1828 1829 1830
1829 1828 1831
1832 1831 1828
1831 1832 1833
1834 1830 1829
1830 1834 1835
1836 1833 1832
1833 1836 1837
1838 1837 1836
1839 1835 1834
1835 1839 1840
1841 1840 1839
1840 1841 1842
1843 1844 1845
1845 1846 1843
1846 1845 1847
1848 1846 1847
1846 1848 1849
1850 1849 1848
1849 1850 1851
1852 1851 1850
1851 1852 1853
1853 1852 1854
1855 1853 1854
1856 1855 1854
1854 1857 1856
1858 1856 1857
1858 1859 1856
1860 1859 1858
1861 1859 1860
1862 1861 1860
1863 1861 1862
1863 1862 1864
1864 1865 1863
1864 1866 1865
1866 1867 1865
1868 1869 1870
1869 1871 1870
1871 1869 1872
1873 1874 1875
1873 1876 1874
1876 1873 1877
1877 1878 1876
1878 1877 1879
1879 1880 1878
1880 1879 1881
1882 1883 1884
1884 1885 1882
1886 1887 1888
1887 1886 1889
1890 1887 1889
1887 1890 1891
1892 1891 1890
1891 1892 1893
1888 1894 1886
1894 1888 1895
1895 1896 1894
1896 1895 1897
1896 1897 1898
1897 1899 1898
1900 1898 1899
1898 1900 1901
1902 1901 1900
1901 1902 1903
1903 1904 1901
1905 1906 1907
1906 1905 1908
1907 1909 1905
1909 1907 1910
1910 1911 1909
1911 1910 1912
1912 1913 1911
1913 1912 1914
1914 1915 1913
1915 1914 1916
1916 1917 1915
1917 1916 1918
1918 1919 1917
1919 1918 1920
1920 1921 1919
1921 1920 1922
1922 1923 1921
1923 1922 1924
1924 1925 1923
1925 1924 1926
1927 1925 1926
1925 1927 1928
1929 1930 1931
1931 1930 1932
1931 1932 1933
1934 1933 1932
1933 1934 1935
1936 1935 1934
1935 1936 1937
1936 1938 1937
1938 1936 1939
1940 1929 1931
1929 1940 1941
1942 1941 1940
1941 1942 1943
1944 1943 1942
1943 1944 1945
1946 1945 1944
1945 1946 1947
1948 1947 1946
1947 1948 1949
1950 1949 1948
1949 1950 1951
1952 1951 1950
1953 1951 1952
1954 1953 1952
1954 1955 1953
1956 1955 1954
1957 1955 1956
1958 1957 1956
1958 1959 1957
1960 1959 1958
1961 1959 1960
1959 1961 1962
1963 1964 1965
1966 1963 1965
1966 1967 1963
1968 1965 1964
1969 1967 1966
1966 1970 1969
1970 1971 1969
1971 1970 1972
1972 1973 1971
1972 1974 1973
1975 1974 1972
1975 1976 1974
1976 1977 1974
1976 1978 1977
1978 1979 1977
1980 1979 1978
1981 1979 1980
1981 1980 1982
1981 1982 1983
1984 1985 1986
1985 1984 1987
1984 1988 1987
1988 1984 1989
1990 1986 1985
1986 1990 1991
1992 1991 1990
1991 1992 1993
1994 1995 1996
1997 1995 1994
1998 1995 1997
1995 1998 1999
1998 2000 1999
2001 2000 1998
2001 2002 2000
2003 2002 2001
2003 2004 2002
2005 2004 2003
2003 2006 2005
1994 1996 2007
2007 1996 2008
2008 2009 2007
2008 2010 2009
2010 2011 2009
2011 2010 2012
2013 2011 2012
2014 2015 2016
2017 2014 2016
2014 2017 2018
2019 2018 2017
2018 2019 2020
2019 2021 2020
2021 2019 2022
2022 2023 2021
2023 2022 2024
2025 2026 2027
2026 2025 2028
2028 2029 2026
2029 2028 2030
2031 2032 2033
2032 2031 2034
2035 2034 2031
2034 2035 2036
2035 2037 2036
2037 2035 2038
2039 2040 2041
2040 2039 2042
2043 2044 2045
2043 2045 2046
2043 2047 2044
2048 2044 2047
2048 2047 2049
2050 2051 2052
2051 2050 2053
2054 2050 2052
2050 2054 2055
2055 2054 2056
2057 2058 2059
2058 2057 2060
2061 2060 2057
2060 2061 2062
2063 2064 2065
2064 2063 2066
2064 2067 2065
2067 2064 2068
2069 2070 2071
2070 2069 2072
2073 2071 2070
2071 2073 2074
2075 2074 2073
2074 2075 2076
2075 2077 2076
2077 2075 2078
2078 2079 2077
2079 2078 2080
2080 2081 2079
2081 2080 2082
2083 2081 2082
2072 2069 2084
2083 2085 2081
2086 2087 2088
2087 2086 2089
2086 2090 2089
2090 2086 2091
2092 2090 2091
2090 2092 2093
2094 2093 2092
2093 2094 2095
2094 2096 2095
2096 2094 2097
2097 2098 2096
2098 2097 2099
2099 2100 2098
2100 2099 2101
2100 2101 2102
2103 2104 2105
2106 2107 2108
2107 2106 2109
2108 2110 2106
2110 2108 2111
2112 2113 2114
2113 2112 2115
2116 2114 2113
2114 2116 2117
2118 2119 2120
2118 2120 2121
2122 2118 2121
2118 2122 2123
2124 2125 2126
2127 1908 2128
1908 2127 1906
2129 2130 2131
2130 2129 2132
2131 2133 2129
2134 2129 2133
2135 2129 2134
2129 2135 2136
2129 2136 2132
2134 2137 2135
2137 2134 2138
2138 2134 2133
2138 2139 2137
2139 2138 2140
2141 2135 2137
2135 2141 2142
2137 2143 2141
2143 2137 2139
2144 2141 2143
2139 2145 2143
2145 2139 2146
2140 2146 2139
2146 2147 2145
2148 2145 2147
2145 2148 2149
2149 2143 2145
2147 2146 2150
2146 2140 2151
2151 2150 2146
2150 2151 2152
2144 2143 2153
2143 2149 2153
2153 2149 2154
2155 2142 2141
2141 2156 2155
2144 2156 2141
2157 2142 2155
2142 2157 2158
2156 2159 2155
2155 2160 2157
2161 2157 2160
2158 2157 2161
2132 2158 2161
2161 2162 2132
2163 2161 2160
2161 2163 2164
2164 2162 2161
2165 2162 2164
2164 2166 2165
2165 2166 2167
2167 2168 2165
2167 2169 2168
2169 2170 2168
2170 2169 2171
2169 2167 2172
2170 2173 2168
2173 2162 2165
2173 2165 2168
2162 2173 2174
2162 2174 2132
2173 2170 2175
2175 2176 2173
2173 2176 2174
2176 2175 2177
2177 2178 2176
2176 2178 2179
2174 2176 2179
2179 2178 2180
2178 2181 2180
2181 2178 2182
2178 2177 2182
2174 2179 2130
2130 2179 2183
2180 2183 2179
2172 2184 2169
2184 2171 2169
2184 2172 2185
2185 2186 2184
2186 2187 2184
2171 2184 2187
2187 2186 2188
2189 2188 2186
2190 2189 2186
2186 2185 2190
2189 2190 2191
2191 2192 2189
2193 2189 2192
2188 2189 2193
2193 2192 2194
2183 2131 2130
2132 2174 2130
2132 2136 2158
2135 2158 2136
2158 2135 2142
2195 2196 2197
2195 2198 2196
2198 2199 2196
2199 2197 2196
2199 2200 2197
2201 2200 2199
2202 2201 2199
2199 2198 2202
2201 2202 2203
2203 2204 2201
2204 2205 2201
2206 2205 2204
2205 2206 2207
2205 2207 2208
2208 2209 2205
2201 2205 2209
2201 2209 2200
2209 2210 2200
2211 2200 2210
2211 2197 2200
2212 2197 2211
2213 2206 2204
2206 2213 2214
2215 2214 2213
2214 2215 2216
2209 2208 2217
2209 2217 2210
2217 2208 2218
2217 2218 2219
2217 2220 2210
2217 2219 2220
2219 2221 2220
2221 2219 2222
2223 2222 2219
2218 2223 2219
2222 2223 2224
2210 2220 2225
2211 2210 2225
2226 2220 2221
2220 2226 2225
2226 2221 2227
2221 2228 2227
2228 2221 2222
2228 2229 2227
2230 2222 2224
2231 2222 2230
2222 2231 2228
2231 2232 2228
2228 2232 2233
2229 2228 2233
2234 2229 2233
2229 2234 2235
2235 2236 2229
2227 2229 2236
2227 2236 2237
2227 2237 2226
2236 2235 2238
2235 2234 2239
2239 2234 2240
2235 2241 2238
2241 2235 2242
2239 2242 2235
2243 2234 2233
2243 2240 2234
2241 2244 2238
2244 2241 2245
2246 2238 2244
2238 2246 2236
2237 2236 2246
2247 2246 2244
2247 2244 2245
2246 2247 2248
2247 2245 2249
2247 2249 2250
2248 2251 2246
2237 2246 2251
2251 2248 2252
2252 2253 2251
2254 2253 2252
2252 2255 2254
2225 2253 2254
2225 2254 2255
2253 2225 2226
2253 2226 2237
2237 2251 2253
2255 2211 2225
2211 2255 2212
2197 2212 2195
2198 2195 2256
2257 2258 2259
2258 2260 2259
2260 2258 2261
2260 2262 2259
2262 2257 2259
2262 2260 2263
2216 2260 2261
2260 2216 2215
2215 2263 2260
2263 2215 2264
2213 2264 2215
2264 2213 2265
2213 2266 2265
2266 2213 2204
2204 2203 2266
2267 2160 2268
2159 2267 2268
2160 2155 2268
2155 2159 2268
2267 2163 2160
2269 2270 2271
2270 2272 2271
2272 2270 2273
2273 2270 2274
2272 2151 2271
2271 2151 2140
2151 2272 2152
2138 2269 2271
2138 2271 2140
2133 2269 2138
2275 2276 2277
2276 2275 2278
2276 2279 2277
2279 2276 2280
2280 2281 2279
2281 2280 2282
2282 2283 2281
2283 2282 2284
2284 2285 2283
2285 2284 2286
2287 2288 2289
2287 2290 2288
2288 2291 2289
2292 2289 2291
2292 2291 2293
2292 2293 2294
2295 2292 2294
2296 2295 2294
2297 2298 2299
2300 2297 2299
2301 2302 2303
2302 2301 2304
2305 2304 2301
2304 2305 2306
2307 2303 2302
2308 2309 2310
2309 2308 2311
2312 2311 2308
2311 2312 2313
2314 2313 2312
2313 2314 2315
2316 2315 2314
2315 2316 2317
2316 2318 2317
2318 2316 2319
2310 2309 2320
2319 2321 2318
2321 2319 2322
2322 2323 2321
2323 2322 2324
2324 2325 2323
2325 2324 2326
2149 2327 2154
2149 2148 2327
2328 2329 2330
2331 2330 2329
2332 2333 2334
2333 2332 2335
2335 2336 2333
2336 2335 2337
2335 2338 2337
2339 2333 2336
2332 2334 2340
2332 2340 2341
2340 2342 2341
2342 2340 2343
2344 2342 2343
2342 2344 2345
2338 2346 2337
2337 2346 2336
2346 2347 2336
2347 2339 2336
2348 2347 2346
2348 2346 2349
2346 2338 2350
2350 2351 2346
2339 2347 2352
2347 2353 2352
2354 2355 2356
2355 2354 2357
2358 2356 2355
2359 2357 2354
2354 2360 2359
2357 2359 2361
2362 2357 2361
2358 2355 2363
2364 2358 2363
2358 2364 2365
2364 2366 2365
2366 2364 2367
2368 2362 2361
2359 2368 2361
2362 2368 2369
2368 2370 2369
2360 2371 2359
2359 2371 2368
2371 2372 2368
2372 2373 2368
2371 2360 2374
2374 2375 2371
2376 2377 2378
2377 2376 2379
2380 2381 2382
2381 2380 2383
2384 2383 2380
2383 2384 2385
2386 2382 2381
2382 2386 2387
2386 2388 2387
2388 2386 2389
2389 2390 2388
2390 2389 2391
2392 2385 2384
2385 2392 2393
2394 2395 2396
2395 2394 2397
2397 2398 2395
2398 2397 2399
2396 2400 2394
2400 2396 2401
2402 2400 2401
2400 2402 2403
2404 2403 2402
2403 2404 2405
2399 2406 2398
2406 2399 2407
2408 2409 2410
2409 2408 2411
2412 2413 2414
2413 2412 2415
2416 2417 2418
2417 2416 2419
2420 2421 2422
2421 2420 2423
2424 2425 2426
2425 2424 2427
2428 2429 2430
2429 2428 2431
2432 2433 2434
2433 2432 2435
2436 2435 2432
2435 2436 2437
2438 2437 2436
2437 2438 2439
2440 2439 2438
2439 2440 2441
2442 2441 2440
2441 2442 2443
2442 2444 2443
2444 2442 2445
2445 2446 2444
2446 2445 2447
2447 2448 2446
2448 2447 2449
2450 2448 2449
2448 2450 2451
2450 2452 2451
2452 2450 2453
2453 2454 2452
2454 2453 2455
2455 2456 2454
2456 2455 2457
2457 2458 2456
2458 2457 2459
2459 2460 2458
2460 2459 2461
2461 2462 2460
2462 2461 2463
2463 2464 2462
2464 2463 2465
2465 2466 2464
2466 2465 2467
2467 2468 2466
2468 2467 2469
2470 2471 2472
2471 2470 2473
2474 2472 2471
2472 2474 2475
2476 2475 2474
2475 2476 2477
2478 2477 2476
2477 2478 2479
2480 2479 2478
2479 2480 2481
2480 2482 2481
2480 2483 2482
2480 2484 2483
2480 2485 2484
2485 2486 2484
2486 2485 2487
2487 2488 2486
2487 2489 2488
2487 2490 2489
2490 2487 2491
2491 2492 2490
2491 2493 2492
2493 2494 2492
2493 2495 2494
2495 2493 2496
2496 2497 2495
2497 2496 2498
2497 2498 2499
2499 2498 2500
2501 2502 2503
2502 2501 2504
2504 2505 2502
2505 2504 2506
2506 2507 2505
2507 2506 2508
2508 2509 2507
2509 2508 2510
2510 2511 2509
2511 2510 2512
2512 2513 2511
2513 2512 2514
2515 2513 2514
2513 2515 2516
2515 2517 2516
2517 2515 2518
2518 2519 2517
2519 2518 2520
2520 2521 2519
2521 2520 2522
2523 2521 2522
2521 2523 2524
2525 2524 2523
2524 2525 2526
2527 2526 2525
2526 2527 2528
2529 2528 2527
2528 2529 2530
2531 2530 2529
2530 2531 2532
2533 2532 2531
2532 2533 2534
2535 2534 2533
2534 2535 2536
2537 2536 2535
2536 2537 2538
2539 2540 2541
2540 2539 2542
2542 2543 2540
2543 2542 2544
2544 2545 2543
2545 2544 2546
2545 2547 2543
2547 2545 2548
2549 2543 2547
2543 2549 2540
2550 2540 2549
2540 2550 2541
2551 2548 2545
2546 2551 2545
2548 2551 2552
2551 2553 2552
2553 2551 2554
2551 2555 2554
2555 2551 2556
2551 2546 2556
2557 2554 2555
2558 2554 2557
2558 2559 2554
2559 2558 2560
2561 2559 2560
2559 2561 2562
2563 2562 2561
2564 2562 2563
2565 2562 2564
2562 2565 2566
2567 2566 2565
2568 2562 2566
2566 2569 2568
2562 2568 2570
2562 2570 2571
2562 2571 2572
2572 2559 2562
2559 2572 2573
2574 2559 2573
2559 2574 2554
2554 2574 2575
2554 2575 2553
2566 2576 2569
2567 2576 2566
2577 2576 2567
2576 2578 2569
2579 2576 2577
2576 2579 2580
2581 2580 2579
2580 2581 2582
2583 2580 2582
2580 2583 2584
2584 2576 2580
2576 2584 2578
2585 2582 2581
2583 2582 2586
2587 2582 2585
2586 2582 2587
2588 2589 2590
2589 2503 2590
2503 2589 2501
2591 2592 2593
2592 2594 2593
2591 2541 2592
2541 2594 2592
2541 2591 2539
2594 2541 2550
2595 2596 2597
2434 2596 2595
2596 2434 2433
2598 2599 2600
2473 2599 2598
2599 2473 2470
2601 2602 2603
2602 2604 2603
2604 2602 2605
2605 2606 2604
2606 2605 2607
2607 2608 2606
2608 2607 2609
2609 2610 2608
2610 2609 2611
2611 2612 2610
2612 2611 2613
2613 2614 2612
2614 2613 2615
2616 2614 2615
2617 2614 2616
2618 2614 2617
2618 2619 2614
2620 2619 2618
2619 2620 2621
2622 2621 2620
2623 2621 2622
2624 2621 2623
2621 2624 2625
2626 2625 2624
2626 2627 2625
2628 2627 2626
2629 2627 2628
2627 2629 2630
2631 2630 2629
2630 2631 2632
2633 2632 2631
2633 2634 2632
2635 2636 2637
2636 2635 2638
2638 2639 2636
2639 2638 2640
2640 2641 2639
2641 2640 2642
2643 2641 2642
2641 2643 2644
2645 2644 2643
2644 2645 2646
2647 2646 2645
2646 2647 2648
2649 2648 2647
2648 2649 2650
2637 2651 2635
2651 2637 2652
2653 2651 2652
2654 2655 2656
2655 2654 2657
2657 2658 2655
2658 2657 2659
2656 2660 2654
2660 2656 2661
2661 2662 2660
2662 2661 2663
2664 2658 2659
2664 2665 2658
2664 2666 2665
2666 2664 2667
2668 2666 2667
2667 2669 2668
2668 2669 2670
2668 2670 2671
2668 2671 2672
2672 2671 2673
2672 2673 2674
2674 2673 2675
2674 2675 2676
2676 2675 2677
2677 2678 2676
2677 2679 2678
2679 2680 2678
2679 2681 2680
2682 2683 2684
2683 2682 2685
2686 2684 2683
2684 2686 2687
2686 2688 2687
2689 2685 2682
2685 2689 2690
2691 2690 2689
2690 2691 2692
2686 2693 2688
2693 2694 2688
2693 2695 2694
2694 2695 2696
2696 2697 2694
2698 2697 2696
2699 2698 2696
2700 2699 2696
2696 2701 2700
2700 2701 2702
2703 2700 2702
2703 2702 2704
2705 2703 2704
2706 2705 2704
2706 2707 2705
2707 2706 2708
2708 2709 2707
2710 2711 2712
2711 2710 2713
2714 2713 2710
2713 2714 2715
2716 2712 2711
2712 2716 2717
2718 2717 2716
2717 2718 2719
2720 2719 2718
2719 2720 2721
2722 2723 2724
2723 2722 2725
2726 2724 2723
2724 2726 2727
2728 2727 2726
2727 2728 2729
2730 2729 2728
2729 2730 2731
2725 2722 2732
2722 2733 2732
2734 2732 2733
2732 2734 2735
2734 2736 2735
2736 2737 2735
2736 2738 2737
2736 2739 2738
2739 2740 2738
2739 2741 2740
2741 2742 2740
2741 2743 2742
2743 2744 2742
2743 2745 2744
2745 2746 2744
2747 2746 2745
2746 2747 2748
2748 2747 2749
2750 2751 2752
2751 2750 2753
2754 2752 2751
2752 2754 2755
2756 2753 2750
2753 2756 2757
2756 2758 2757
2758 2756 2759
2759 2760 2758
2760 2759 2761
2761 2762 2760
2762 2761 2763
2764 2755 2754
2755 2764 2765
2766 2765 2764
2767 2768 2769
2768 2767 2770
2770 2771 2768
2771 2770 2772
2767 2769 2773
2772 2774 2771
2774 2772 2775
2775 2776 2774
2776 2775 2777
2767 2773 2778
2778 2773 2779
2778 2779 2780
2781 2780 2779
2779 2782 2781
2783 2781 2782
2784 2781 2783
2783 2785 2784
2786 2784 2785
2786 2785 2787
2787 2788 2786
2787 2789 2788
2790 2788 2789
2789 2791 2790
2791 2792 2790
2792 2791 2793
2792 2793 2794
2795 2796 2797
2796 2795 2798
2798 2799 2796
2799 2798 2800
2800 2801 2799
2801 2800 2802
2803 2795 2797
2795 2803 2804
2805 2804 2803
2804 2805 2806
2805 2807 2806
2807 2805 2808
2809 2810 2811
2810 2809 2812
2813 2812 2809
2812 2813 2814
2815 2814 2813
2814 2815 2816
2817 2816 2815
2816 2817 2818
2819 2818 2817
2818 2819 2820
2821 2820 2819
2820 2821 2822
2821 2823 2822
2823 2821 2824
2825 2811 2810
2811 2825 2826
2824 2827 2823
2827 2824 2828
2828 2829 2827
2829 2828 2830
2831 2829 2830
2829 2831 2832
2833 2832 2831
2832 2833 2834
2835 2834 2833
2834 2835 2836
2837 2836 2835
2836 2837 2838
2837 2839 2838
2839 2837 2840
2841 2839 2840
2839 2841 2842
2841 2843 2842
2843 2841 2844
2844 2845 2843
2845 2844 2846
2846 2847 2845
2847 2846 2848
2848 2849 2847
2849 2848 2850
2851 2849 2850
2849 2851 2852
2853 2852 2851
2852 2853 2854
2855 2854 2853
2854 2855 2856
2855 2857 2856
2857 2855 2858
2858 2859 2857
2859 2858 2860
2860 2861 2859
2861 2860 2862
2862 2863 2861
2863 2862 2864
2864 2865 2863
2865 2864 2866
2866 2867 2865
2867 2866 2868
2868 2869 2867
2869 2868 2870
2871 2872 2873
2872 2871 2874
2875 2873 2872
2873 2875 2876
2877 2876 2875
2876 2877 2878
2879 2878 2877
2878 2879 2880
2881 2874 2871
2874 2881 2882
2879 2883 2880
2883 2884 2880
2883 2885 2884
2885 2886 2884
2885 2887 2886
2887 2888 2886
2887 2889 2888
2889 2890 2888
2889 2891 2890
2889 2892 2891
2892 2893 2891
2892 2894 2893
2892 2895 2894
2895 2896 2894
2895 2897 2896
2897 2898 2896
2898 2897 2899
2898 2899 2900
2901 2902 2903
2902 2901 2904
2904 2905 2902
2905 2904 2906
2906 2907 2905
2907 2906 2908
2908 2909 2907
2909 2908 2910
2910 2911 2909
2911 2910 2912
2912 2913 2911
2913 2912 2914
2914 2915 2913
2915 2914 2916
2903 2917 2901
2917 2903 2918
2916 2919 2915
2919 2916 2920
2921 2919 2920
2920 2922 2921
2923 2921 2922
2922 2924 2923
2925 2923 2924
2923 2925 2926
2927 2926 2925
2926 2927 2928
2929 2928 2927
2928 2929 2930
2930 2929 2931
2932 2933 2934
2933 2932 2935
2936 2935 2932
2935 2936 2937
2938 2937 2936
2937 2938 2939
2938 2940 2939
2940 2938 2941
2941 2942 2940
2942 2941 2943
2943 2944 2942
2944 2943 2945
2945 2946 2944
2946 2945 2947
2948 2934 2933
2934 2948 2949
2950 2949 2948
2951 2952 2953
2952 2951 2954
2955 2954 2951
2954 2955 2956
2957 2956 2955
2958 2953 2952
2953 2958 2959
2960 2959 2958
2959 2960 2961
2957 2955 2962
2963 2957 2962
2957 2963 2964
2965 2964 2963
2964 2965 2966
2965 2967 2966
2965 2968 2967
2965 2969 2968
2969 2970 2968
2969 2971 2970
2971 2972 2970
2971 2973 2972
2973 2974 2972
2974 2973 2975
2974 2975 2976
2976 2975 2977
2976 2977 2978
2979 2980 2981
2980 2979 2982
2981 2983 2979
2983 2981 2984
2982 2985 2980
2985 2982 2986
2986 2987 2985
2987 2986 2988
2983 2984 2989
2983 2989 2990
2990 2989 2991
2990 2991 2992
2991 2993 2992
2993 2991 2994
2995 2993 2994
2996 2993 2995
2993 2996 2997
2997 2998 2993
2997 2999 2998
3000 2999 2997
3000 3001 2999
3002 3001 3000
3003 3001 3002
3004 3003 3002
3003 3004 3005
3005 3004 3006
3007 3008 3009
3008 3007 3010
3010 3011 3008
3011 3010 3012
3009 3013 3007
3013 3009 3014
3014 3015 3013
3015 3014 3016
3016 3017 3015
3017 3016 3018
3019 3020 3021
3020 3019 3022
3022 3023 3020
3023 3022 3024
3021 3025 3019
3024 3026 3023
3026 3024 3027
3027 3028 3026
3028 3027 3029
3025 3030 3019
3025 3031 3030
3031 3025 3032
3031 3032 3033
3033 3032 3034
3033 3034 3035
3033 3035 3036
3036 3035 3037
3036 3037 3038
3038 3037 3039
3038 3039 3040
3040 3039 3041
3040 3041 3042
3042 3041 3043
3043 3044 3042
3044 3043 3045
3045 3046 3044
3047 3048 3049
3048 3047 3050
3049 3051 3047
3051 3049 3052
3050 3053 3048
3053 3050 3054
3055 3053 3054
3053 3055 3056
3057 3056 3055
3056 3057 3058
3059 3058 3057
3058 3059 3060
3052 3061 3051
3061 3052 3062
3063 3061 3062
3064 3065 3066
3065 3064 3067
3068 3067 3064
3067 3068 3069
3070 3069 3068
3069 3070 3071
3072 3071 3070
3071 3072 3073
3065 3074 3066
3065 3075 3074
3075 3076 3074
3075 3077 3076
3078 3076 3077
3076 3078 3079
3080 3079 3078
3081 3080 3078
3080 3081 3082
3083 3082 3081
3084 3082 3083
3083 3085 3084
3084 3085 3086
3087 3086 3085
3086 3087 3088
3089 3088 3087
3088 3089 3090
3089 3091 3090
3092 3093 3094
3093 3092 3095
3096 3095 3092
3095 3096 3097
3098 3097 3096
3097 3098 3099
3093 3100 3094
3100 3093 3101
3101 3102 3100
3102 3101 3103
3104 3102 3103
3102 3104 3105
3106 3107 3108
3107 3106 3109
3108 3110 3106
3110 3108 3111
3111 3112 3110
3112 3111 3113
3113 3114 3112
3114 3113 3115
3109 3116 3107
3116 3109 3117
3114 3115 3118
3118 3115 3119
3118 3119 3120
3120 3119 3121
3120 3121 3122
3122 3121 3123
3122 3123 3124
3124 3123 3125
3124 3125 3126
3124 3126 3127
3127 3126 3128
3127 3128 3129
3127 3129 3130
3130 3129 3131
3130 3131 3132
3133 3132 3131
3132 3133 3134
3133 3135 3134
3136 3137 3138
3137 3136 3139
3140 3139 3136
3139 3140 3141
3142 3141 3140
3141 3142 3143
3144 3143 3142
3143 3144 3145
3146 3145 3144
3145 3146 3147
3148 3147 3146
3147 3148 3149
3150 3149 3148
3149 3150 3151
3152 3138 3137
3138 3152 3153
3154 3151 3150
3151 3154 3155
3155 3154 3156
3156 3157 3155
3157 3156 3158
3158 3159 3157
3158 3160 3159
3160 3158 3161
3161 3162 3160
3162 3161 3163
3163 3164 3162
3164 3163 3165
3165 3166 3164
3167 3168 431
431 3168 3169
3169 3170 431
3168 3171 3169
3168 544 3171
3167 541 3168
541 543 3168
3168 543 544
541 3167 539
539 3167 438
539 438 537
537 438 529
438 439 529
546 3171 544
546 3172 3171
548 3172 546
431 3170 426
527 439 437
437 445 527
445 525 527
525 445 448
3167 432 438
3167 431 432
3173 594 592
592 3174 3173
584 3174 592
633 611 457
611 633 620
680 665 683
662 665 680
680 669 662
665 668 683
684 668 667
684 667 3175
686 684 3175
701 711 705
701 568 711
568 701 698
566 568 698
659 3176 650
656 650 3176
644 645 659
3177 3178 3179
3178 3177 3180
3181 3179 3178
3179 3181 3182
3183 3182 3181
3182 3183 3184
3185 3184 3183
3184 3185 3186
3187 3180 3177
3180 3187 3188
3187 3189 3188
3189 3187 3190
3191 3192 3193
3192 3194 3193
3191 3195 3192
3192 3195 3196
3192 3196 3197
3192 3197 3194
3195 3198 3196
3199 3198 3195
3198 3199 3200
3199 3201 3200
3201 3199 3202
3202 3203 3201
3203 3202 3204
3203 3204 3205
3206 3200 3201
3200 3206 3207
3208 3207 3206
3207 3208 3209
3198 3210 3196
3210 3211 3196
3211 3197 3196
3210 3198 3212
3200 3212 3198
3212 3200 3207
3212 3213 3210
3213 3212 3214
3207 3214 3212
3214 3207 3209
3206 3215 3208
3215 3206 3216
3201 3216 3206
3216 3201 3203
3216 3217 3215
3217 3216 3218
3203 3218 3216
3218 3203 3205
3205 3219 3218
3219 3205 3220
3211 3210 3221
3210 3213 3221
3211 3221 3222
3223 3211 3222
3224 3223 3222
3223 3197 3211
3223 3225 3197
3194 3197 3225
3225 3223 3226
3227 3226 3223
3223 3228 3227
3224 3228 3223
3229 3227 3228
3230 3229 3228
3228 3231 3230
3228 3224 3231
3232 3230 3231
3232 3233 3230
3233 3232 3234
3235 3233 3234
3236 3235 3234
3237 3235 3236
3236 3234 3238
3238 3234 3239
3239 3234 3232
3232 3240 3239
3232 3231 3240
3240 3231 3241
3241 3242 3240
3243 3236 3238
3242 3241 3244
3244 3241 3245
3231 3224 3241
3224 3245 3241
3224 3222 3245
3245 3222 3246
3245 3246 3247
3245 3247 3248
3249 3248 3247
3248 3250 3245
3245 3250 3244
3246 3222 3221
3246 3221 3251
3251 3252 3246
3246 3252 3247
3253 3247 3252
3253 3249 3247
3253 3252 3254
3254 3252 3255
3251 3255 3252
3255 3256 3254
3256 3255 3257
3258 3256 3257
3256 3258 3259
3260 3259 3258
3259 3260 3261
3260 3262 3261
3257 3263 3258
3263 3257 3264
3264 3208 3263
3208 3264 3209
3255 3251 3265
3257 3265 3264
3265 3257 3255
3215 3263 3208
3263 3215 3266
3258 3266 3260
3266 3258 3263
3217 3266 3215
3266 3217 3267
3260 3267 3262
3267 3260 3266
3268 3262 3267
3262 3268 3269
3214 3264 3265
3264 3214 3209
3265 3213 3214
3213 3265 3251
3251 3221 3213
3270 3262 3269
3262 3270 3271
3272 3271 3270
3271 3272 3273
3261 3271 3273
3262 3271 3261
3273 3274 3261
3274 3259 3261
3274 3275 3259
3259 3275 3256
3254 3256 3275
3275 3276 3254
3276 3253 3254
3276 3277 3253
3253 3277 3249
3272 3270 3278
3270 3279 3278
3279 3280 3278
3280 3279 3281
3281 3282 3280
3282 3281 3283
3283 3284 3282
3284 3283 3285
3286 3281 3279
3269 3286 3279
3286 3269 3268
3279 3270 3269
3281 3286 3287
3287 3283 3281
3287 3288 3283
3283 3289 3285
3289 3283 3288
3290 3289 3288
3291 3290 3288
3289 3290 3292
3290 3293 3292
3293 3290 3294
3295 3289 3292
3295 3285 3289
3296 3294 3290
3291 3296 3290
3294 3296 3297
3298 3297 3296
3297 3298 3299
3298 3300 3299
3301 3299 3300
3302 3301 3300
3301 3302 3303
3204 3303 3302
3303 3204 3304
3304 3204 3202
3304 3202 3305
3202 3199 3305
3195 3305 3199
3305 3195 3191
3205 3204 3302
3300 3205 3302
3205 3300 3220
3300 3298 3220
3306 3220 3298
3220 3306 3219
3307 3219 3306
3219 3307 3308
3308 3218 3219
3218 3308 3217
3291 3307 3306
3306 3296 3291
3296 3306 3298
3307 3291 3309
3288 3309 3291
3308 3267 3217
3267 3308 3268
3307 3268 3308
3268 3307 3286
3307 3287 3286
3287 3307 3309
3288 3287 3309
3310 3311 3312
3311 3310 3313
3314 3310 3312
3310 3314 3315
3314 3316 3315
3316 3314 3317
3318 3316 3317
3316 3318 3319
3320 3321 3322
3323 3321 3320
3322 3321 3324
3322 3324 3325
3322 3325 3326
3320 3322 3327
3323 3320 3327
3322 3328 3327
3322 3329 3328
3322 3330 3329
3331 3332 3333
3332 3331 3334
3334 3335 3332
3335 3334 3336
3336 3337 3335
3337 3336 3338
3338 3339 3337
3339 3338 3340
3341 3339 3340
3339 3341 3342
3343 3344 3345
3344 3343 3346
3345 3347 3343
3347 3345 3348
3349 3350 3295
3295 3292 3349
3292 3293 3349
3351 3295 3352
3295 3351 3285
3285 3351 3284
3353 3354 3355
3354 3353 3356
3356 3357 3354
3357 3356 3358
3358 3359 3357
3359 3358 3360
3360 3361 3359
3361 3360 3362
3363 3353 3355
3355 3364 3363
3365 3363 3364
3363 3365 3366
3367 3368 3369
3368 3367 3370
3371 3370 3367
3370 3371 3372
3373 3372 3371
3372 3373 3374
3375 3374 3373
3374 3375 3376
3375 3377 3376
3377 3375 3378
3379 3380 3381
3380 3379 3382
3383 3382 3379
3382 3383 3384
3385 3386 3387
3388 3386 3385
3386 3388 3389
3390 3389 3388
3389 3390 3391
3386 3392 3387
3393 3387 3392
3387 3393 3394
3395 3394 3393
3394 3395 3396
3397 3396 3395
3396 3397 3398
3399 3398 3397
3398 3399 3400
3400 3399 3401
3399 3402 3401
3402 3399 3403
3404 3402 3403
3402 3404 3405
3406 3405 3404
3405 3406 3407
3408 3407 3406
3407 3408 3409
3408 3410 3409
3410 3408 3411
3412 3410 3411
3410 3412 3413
3414 3413 3412
3413 3414 3415
3414 3416 3415
3416 3414 3417
3417 3418 3416
3418 3417 3419
3420 3418 3419
3418 3420 3421
3420 3422 3421
3422 3420 3423
3424 3422 3423
3422 3424 3425
3426 3425 3424
3425 3426 3427
3426 3428 3427
3428 3426 3429
3429 3430 3428
3430 3429 3431
3432 3430 3431
3430 3432 3433
3432 3434 3433
3434 3432 3435
3435 3436 3434
3436 3435 3437
3437 3438 3436
3438 3437 3439
3440 3438 3439
3438 3440 3441
3442 3441 3440
3440 3443 3442
3443 3440 3444
3444 3445 3443
3445 3444 3446
3446 3447 3445
3447 3446 3448
3448 3449 3447
3449 3448 3450
3449 3450 3451
3452 3449 3451
3451 3453 3452
3453 3451 3454
3454 3390 3453
3390 3454 3391
3455 3456 3457
3456 3455 3458
3455 3457 3459
3457 3460 3459
3459 3460 3461
3459 3461 3462
3463 3462 3461
3462 3463 3464
3464 3463 3465
3465 3466 3464
3467 3464 3466
3465 3468 3466
3466 3468 3469
3470 3471 3472
3472 3473 3470
3470 3474 3471
3471 3474 3475
3474 3476 3475
3474 3477 3476
3478 3476 3477
3477 3479 3478
3479 3480 3478
3480 3479 3481
3482 3481 3479
3480 3481 3483
3481 3484 3483
3485 3486 3487
3487 3486 3488
3488 3489 3487
3490 3489 3488
3489 3490 3491
3492 3491 3490
3491 3492 3493
3494 3491 3493
3493 3495 3494
3491 3494 3496
3487 3489 3496
3496 3489 3491
3493 3497 3495
3497 3493 3498
3499 3497 3498
3500 3493 3492
3493 3500 3498
3501 3498 3500
3498 3501 3499
3499 3501 3502
3503 3504 3505
3503 3506 3504
3506 3503 3507
3508 3506 3507
3508 3507 3509
3507 3510 3509
3507 3503 3510
3510 3503 3511
3509 3512 3508
3512 3513 3508
3512 3514 3513
3515 3513 3514
3513 3516 3508
3506 3508 3516
3516 3513 3517
3513 3515 3518
3518 3517 3513
3519 3518 3515
3505 3520 3521
3511 3521 3520
3511 3503 3521
3505 3521 3503
3505 3522 3520
3523 3524 3525
3524 3523 3526
3526 3527 3524
3527 3526 3528
3528 3529 3527
3529 3528 3530
3531 3530 3528
3530 3531 3532
3528 3533 3531
3523 3533 3526
3533 3528 3526
3534 3530 3532
3530 3534 3535
3536 3535 3534
3530 3537 3529
3537 3530 3535
3525 3538 3523
3539 3535 3536
3535 3539 3537
3540 3539 3536
3541 3542 3543
3544 3543 3542
3543 3544 3545
3544 3546 3545
3546 3547 3545
3545 3547 3548
3545 3548 3543
3548 3549 3543
3549 3550 3543
3543 3550 3541
3547 3546 3551
3551 3546 3552
3551 3552 3553
3554 3553 3552
3555 3552 3546
3546 3544 3555
3552 3555 3556
3552 3556 3557
3557 3554 3552
3557 3558 3554
3549 3559 3550
3550 3559 3541
3560 3541 3559
