byte offset: 0
first index: 0
index count: 6492
topology: trianglelist
format: DXGI_FORMAT_R16_UINT

0 1 2
1 0 3
4 2 1
2 4 5
6 3 0
3 6 7
8 7 6
7 8 9
10 9 8
9 10 11
12 1 3
1 12 13
14 9 11
9 14 15
15 7 9
13 16 1
16 13 17
18 3 7
3 18 12
7 15 18
19 5 4
5 19 20
17 21 16
21 17 22
23 24 25
24 23 26
27 24 26
24 27 28
29 30 31
31 32 29
32 33 29
33 32 34
29 35 36
36 37 29
38 37 36
37 38 39
40 35 29
40 41 35
41 40 42
43 44 45
44 43 46
43 47 46
47 43 48
49 50 51
50 49 52
52 49 53
51 50 54
55 52 53
52 55 56
57 58 59
58 57 60
58 61 59
61 58 62
63 64 65
64 63 66
67 66 63
66 67 68
67 69 68
69 67 70
71 72 73
72 71 74
75 76 77
76 75 78
79 80 81
80 79 82
83 84 85
84 83 86
86 87 84
87 86 88
88 89 87
89 88 90
90 91 89
91 90 92
92 93 91
93 92 94
95 93 94
95 94 96
96 94 97
93 95 98
88 99 90
99 88 100
90 101 92
101 90 99
92 102 94
102 92 101
94 103 97
103 94 102
104 100 88
100 104 105
106 105 104
105 106 107
108 109 110
109 108 111
112 111 108
111 112 113
114 115 116
115 114 117
118 119 120
119 118 121
119 122 120
122 119 123
124 125 126
125 124 127
127 124 128
127 128 129
129 128 130
129 130 131
125 132 126
132 125 133
134 135 136
135 134 137
138 137 134
137 138 139
140 141 142
141 140 143
144 140 142
140 144 145
146 147 148
147 146 149
150 147 149
147 150 151
152 153 154
153 152 155
153 156 154
156 153 157
158 159 160
159 158 161
160 162 158
162 160 163
164 165 166
165 164 167
168 169 170
169 168 171
172 173 174
173 172 175
176 177 178
177 176 179
180 181 182
181 180 183
180 182 184
184 185 180
185 184 186
187 188 189
188 187 190
191 192 193
192 191 194
195 196 197
196 195 198
196 199 197
200 201 202
203 201 200
201 203 204
202 205 200
206 207 200
206 208 207
208 206 209
200 207 210
211 200 210
212 211 210
211 212 213
214 215 216
215 214 217
218 214 216
214 218 219
220 219 218
219 220 221
222 223 224
223 222 225
226 227 228
227 226 229
230 231 232
231 230 233
234 235 236
235 234 237
236 238 234
238 236 239
240 241 242
241 240 243
244 245 246
245 244 247
248 244 246
244 248 249
248 250 249
250 248 251
251 252 250
252 251 253
247 254 245
254 247 255
255 256 254
256 255 257
258 259 260
259 258 261
260 262 258
262 260 263
263 264 262
264 263 265
266 261 258
261 266 267
268 267 266
267 268 269
266 270 268
270 266 271
258 271 266
271 258 262
271 272 270
272 271 273
262 273 271
273 262 264
274 275 276
275 274 277
278 277 274
277 278 279
277 280 275
280 277 281
279 281 277
281 282 280
282 281 283
284 283 281
281 279 284
283 284 285
286 287 288
287 286 289
287 290 288
290 287 291
292 290 291
290 292 293
294 293 292
293 294 295
296 289 286
289 296 297
298 299 300
299 298 301
301 302 299
302 301 303
303 304 302
304 303 305
306 307 308
307 306 309
308 310 306
310 308 311
312 311 308
311 312 313
314 313 312
313 314 315
312 316 314
316 312 317
308 317 312
317 308 307
318 319 320
319 318 321
320 322 318
322 320 323
323 324 322
324 323 325
326 327 328
327 326 329
330 329 326
329 330 331
330 332 331
332 330 333
334 333 330
326 334 330
333 334 335
336 335 334
335 336 337
334 338 336
338 334 339
334 326 339
328 339 326
339 340 338
340 339 341
339 328 341
342 343 344
343 342 345
346 345 342
345 346 347
348 347 346
347 348 349
350 351 352
351 350 353
354 351 353
351 354 355
356 355 354
355 356 357
358 359 360
359 358 361
362 360 359
360 362 363
362 364 363
364 362 365
366 361 358
361 366 367
368 369 370
369 368 371
372 371 368
371 372 373
374 373 372
373 374 375
376 375 374
375 376 377
378 368 370
368 378 379
379 372 368
372 379 380
380 381 372
381 380 382
382 383 381
383 382 384
385 386 387
388 387 386
387 388 389
390 389 388
389 390 391
392 391 390
391 392 393
394 395 396
395 394 397
397 398 395
398 397 399
400 398 399
398 400 401
402 395 398
395 402 403
403 396 395
404 398 401
398 404 402
396 405 394
405 396 406
407 406 396
396 403 407
406 407 408
407 409 408
409 407 410
403 410 407
410 411 409
411 410 412
413 412 410
410 403 413
412 413 414
415 414 413
414 415 416
415 417 416
417 415 418
419 413 403
413 419 415
420 415 419
415 420 418
421 422 423
422 421 424
425 426 427
426 425 428
428 429 426
429 428 430
431 432 433
432 431 434
435 434 431
434 435 436
437 438 439
438 437 440
441 442 443
442 444 443
445 442 441
442 445 446
442 447 444
448 449 450
449 448 451
451 452 449
452 451 453
454 452 453
455 448 450
448 455 456
457 456 455
456 457 458
459 458 457
457 460 459
461 459 460
460 462 461
462 463 461
463 462 464
464 465 463
465 464 466
467 465 466
466 468 467
468 469 467
469 470 467
470 471 467
471 470 472
471 472 473
473 472 474
473 474 475
473 475 476
469 477 470
470 477 478
479 480 481
480 479 482
483 481 480
481 483 484
484 483 485
485 486 484
485 487 486
485 488 487
487 488 489
488 490 489
491 488 485
488 491 492
491 493 492
493 494 492
493 495 494
493 496 495
482 497 454
497 452 454
452 497 498
499 498 497
498 499 500
500 501 498
501 500 502
502 503 501
503 502 504
505 503 504
503 505 506
507 506 505
506 507 508
509 508 507
508 509 460
462 460 509
460 457 508
508 455 506
455 508 457
506 450 503
450 506 455
450 501 503
501 450 449
449 498 501
498 449 452
510 511 512
511 510 513
514 513 510
513 514 515
516 515 514
515 516 517
518 517 516
517 518 519
518 520 519
520 518 521
521 522 520
522 521 523
523 524 522
524 523 525
524 525 526
526 527 524
527 526 528
525 529 526
527 528 530
530 528 531
530 531 532
530 532 533
526 529 534
526 534 535
536 537 538
537 536 539
540 539 536
539 540 541
542 541 540
541 542 543
544 543 542
543 544 545
546 545 544
545 546 547
548 547 546
547 548 549
550 549 548
549 550 551
550 552 551
552 550 553
553 554 552
554 553 555
555 556 554
556 555 557
557 558 556
558 557 559
559 560 558
560 559 561
561 562 560
562 561 563
563 564 562
564 563 565
566 567 568
567 566 569
570 569 566
569 570 571
572 571 570
571 572 573
574 573 572
573 574 575
576 575 574
575 576 577
578 577 576
577 578 579
580 579 578
579 580 581
582 581 580
581 582 583
584 583 582
583 584 585
586 585 584
585 586 587
588 589 590
589 588 591
592 590 589
590 592 593
594 591 588
591 594 595
596 597 598
597 596 599
600 601 602
601 600 603
604 603 600
603 604 605
606 605 604
605 606 607
608 607 606
607 608 609
610 611 612
611 610 613
613 614 611
614 613 615
615 616 614
616 615 617
617 618 616
618 617 619
612 620 610
620 612 621
621 622 620
622 621 623
623 624 622
624 623 625
625 626 624
626 625 627
627 628 626
628 627 629
630 628 629
628 630 631
632 619 617
619 632 633
634 620 622
620 634 635
635 610 620
610 635 636
636 613 610
613 636 637
637 615 613
615 637 638
617 638 632
638 617 615
639 628 631
639 631 640
628 639 641
641 626 628
626 641 642
642 624 626
624 642 643
643 622 624
622 643 634
631 630 640
644 645 646
645 644 647
648 646 645
646 648 649
650 649 648
649 650 651
652 651 650
651 652 653
654 647 644
647 654 655
656 655 654
655 656 657
658 657 656
657 658 659
660 659 658
659 660 661
662 661 660
661 662 663
664 663 662
663 664 665
650 666 652
657 667 655
668 655 667
655 668 647
669 647 668
647 669 645
670 645 669
645 670 648
671 648 670
666 650 671
648 671 650
663 672 661
673 661 672
661 673 659
674 659 673
667 657 674
659 674 657
672 663 675
663 676 675
676 663 665
676 665 677
665 664 677
678 679 680
679 678 681
682 680 679
680 682 683
684 681 678
681 684 685
684 686 685
686 684 687
688 686 687
686 688 689
688 690 689
690 688 691
692 690 691
690 692 693
692 694 693
694 692 695
682 696 683
696 682 697
698 699 700
699 698 701
702 701 698
701 702 703
704 703 702
703 704 705
706 705 704
705 706 707
708 709 710
709 708 711
712 709 711
709 712 713
712 714 713
714 712 715
715 716 714
716 715 717
718 708 710
708 718 719
718 720 719
720 718 721
722 720 721
720 722 723
724 723 722
723 724 725
726 725 724
725 726 727
728 729 730
729 728 731
729 732 730
732 729 733
733 734 732
734 733 735
736 731 728
731 736 737
738 737 736
737 738 739
738 740 739
740 738 741
741 742 740
742 741 743
743 744 742
744 743 745
746 744 745
744 746 747
748 747 746
747 748 749
750 751 752
752 753 750
754 755 756
755 754 757
756 758 754
758 756 759
759 760 758
760 759 761
761 762 760
762 761 763
764 765 766
765 764 767
768 769 770
769 768 771
770 772 768
772 770 773
773 774 772
774 773 775
776 777 778
777 776 779
780 781 782
783 781 780
781 783 784
785 786 787
786 785 788
789 788 785
788 789 790
791 790 789
790 791 792
793 792 791
792 793 794
795 794 793
794 795 796
797 796 795
797 795 798
796 797 799
786 800 787
800 786 801
801 802 800
802 801 803
803 804 802
804 803 805
805 806 804
806 805 807
807 808 806
808 807 809
809 810 808
810 811 808
810 809 812
812 813 810
813 812 814
815 799 797
799 815 816
817 818 819
818 817 820
820 821 818
821 820 822
822 823 821
823 822 824
824 825 823
825 824 826
827 828 829
827 830 828
830 831 828
831 832 828
832 833 828
833 834 828
834 833 835
835 836 834
836 835 837
837 838 836
838 837 839
839 840 838
841 838 840
840 842 841
842 840 843
843 844 842
844 843 845
843 846 845
846 843 847
843 848 847
848 843 840
840 839 848
838 841 849
849 836 838
836 849 850
850 834 836
834 850 851
846 852 845
852 846 853
853 854 852
854 853 855
856 852 854
854 857 856
857 854 858
855 858 854
852 856 859
859 845 852
858 855 860
858 861 857
861 858 862
860 862 858
862 860 863
863 864 862
864 863 865
865 866 864
866 865 867
868 864 866
864 868 869
869 862 864
862 869 861
867 870 866
870 867 871
871 872 870
872 871 873
874 870 872
870 874 875
875 866 870
866 875 868
876 872 873
872 876 877
872 878 874
878 872 877
877 879 878
879 877 880
881 877 876
877 881 880
882 883 884
883 882 885
886 885 882
882 887 886
887 882 888
884 888 882
885 886 889
888 884 890
891 890 884
890 891 892
884 893 891
893 884 883
894 891 893
891 894 895
895 892 891
896 895 894
895 896 897
897 898 895
892 895 898
898 897 899
900 889 886
889 900 901
902 901 900
901 902 903
904 902 900
902 904 905
906 903 902
903 906 907
908 907 906
907 908 909
910 902 905
902 910 906
906 911 908
911 906 910
912 908 911
908 912 913
913 909 908
909 913 914
915 913 912
913 915 916
916 914 913
914 916 917
918 917 916
917 918 919
919 918 920
920 918 921
921 918 922
922 918 923
918 924 923
916 924 918
924 916 915
925 926 927
926 925 928
929 926 928
926 929 930
930 931 926
931 930 932
927 933 925
933 927 934
927 935 934
935 927 936
926 936 927
936 926 931
897 932 930
932 897 896
930 899 897
899 930 929
937 938 939
938 937 940
941 940 937
940 941 942
943 942 941
942 943 944
945 944 943
944 945 946
947 946 945
946 947 948
949 948 947
948 949 950
951 950 949
950 951 952
953 952 951
952 953 954
955 954 953
954 955 956
957 956 955
956 957 958
959 960 961
960 959 962
963 962 959
962 963 964
965 964 963
964 965 966
967 966 965
966 967 968
969 968 967
968 969 970
971 970 969
970 971 972
973 972 971
972 973 974
975 974 973
974 975 976
977 978 979
978 977 980
981 980 977
980 981 982
983 982 981
982 983 984
985 984 983
984 985 986
987 986 985
985 988 987
989 987 988
987 989 990
991 992 993
992 991 994
995 996 997
996 995 998
999 998 995
998 999 1000
1001 1000 999
1000 1001 1002
1003 1002 1001
1002 1003 1004
1005 1004 1003
1004 1005 1006
1007 997 996
997 1007 1008
1009 1006 1005
1006 1009 1010
1011 1010 1009
1010 1011 1012
1013 1014 1015
1014 1013 1016
1017 1018 1019
1018 1017 1020
1019 1021 1017
1021 1019 1022
1022 1023 1021
1023 1022 1024
1025 1018 1020
1018 1025 1026
1027 1026 1025
1026 1027 1028
1029 1030 1031
1030 1029 1032
1033 1034 1035
1034 1033 1036
1037 1033 1035
1033 1037 1038
1035 1039 1037
1035 1040 1039
1040 1035 1034
1041 1036 1033
1038 1041 1033
1036 1041 1042
1043 1042 1041
1042 1043 1044
1043 1045 1044
1045 1043 1046
1047 1046 1043
1046 1047 1048
1041 1049 1043
1049 1041 1050
1041 1038 1050
1051 1046 1048
1046 1051 1052
1053 1046 1052
1046 1053 1045
1052 1054 1053
1054 1052 1055
1055 1056 1054
1056 1055 1057
1057 1055 1058
1058 1052 1051
1052 1058 1055
1059 1044 1045
1044 1059 1060
1061 1060 1059
1059 1062 1061
1062 1059 1063
1063 1064 1062
1064 1063 1065
1053 1065 1063
1065 1053 1054
1065 1066 1064
1066 1065 1067
1054 1067 1065
1067 1054 1056
1060 1061 1068
1069 1060 1068
1060 1069 1070
1071 1070 1069
1070 1071 1072
1073 1072 1071
1072 1073 1074
1075 1074 1073
1074 1075 1076
1077 1064 1066
1064 1077 1078
1077 1079 1078
1079 1080 1078
1080 1079 1081
1081 1082 1080
1082 1081 1083
1083 1084 1082
1084 1083 1085
1086 1084 1085
1084 1086 1087
1088 1087 1086
1087 1088 1089
1090 1089 1088
1089 1090 1091
1091 1090 1092
1062 1078 1080
1078 1062 1064
1061 1080 1082
1080 1061 1062
1068 1082 1084
1082 1068 1061
1087 1068 1084
1068 1087 1069
1089 1069 1087
1069 1089 1071
1091 1071 1089
1071 1091 1073
1092 1073 1091
1073 1092 1075
1093 1094 1095
1094 1093 1096
1097 1093 1095
1093 1097 1098
1099 1098 1097
1098 1099 1100
1101 1100 1099
1100 1101 1102
1103 1096 1093
1096 1103 1104
1105 1104 1103
1104 1105 1106
1103 1107 1105
1107 1103 1108
1093 1108 1103
1108 1093 1098
1100 1108 1098
1108 1109 1107
1109 1108 1110
1108 1100 1110
1102 1110 1100
1111 1110 1102
1110 1111 1109
1112 1104 1106
1104 1112 1113
1114 1113 1112
1113 1114 1115
1116 1115 1114
1115 1116 1117
1118 1117 1116
1117 1118 1119
1119 1120 1117
1120 1115 1117
1121 1120 1119
1120 1121 1122
1122 1123 1120
1115 1120 1123
1123 1122 1124
1124 1125 1123
1115 1125 1113
1125 1115 1123
1125 1124 1126
1127 1125 1126
1125 1127 1096
1096 1113 1125
1113 1096 1104
1116 1128 1118
1128 1116 1129
1114 1129 1116
1129 1114 1130
1114 1131 1130
1131 1114 1112
1112 1132 1131
1132 1112 1106
1105 1132 1106
1132 1105 1133
1107 1133 1105
1133 1107 1134
1107 1135 1134
1135 1107 1109
1109 1136 1135
1136 1109 1111
1137 1138 1139
1138 1137 1140
1141 1138 1140
1138 1141 1142
1143 1142 1141
1142 1143 1144
1145 1144 1143
1144 1145 1146
1147 1146 1145
1146 1147 1148
1149 1148 1147
1148 1149 1150
1149 1147 1151
1145 1151 1147
1151 1145 1152
1143 1152 1145
1151 1152 1153
1154 1153 1152
1152 1143 1154
1141 1154 1143
1153 1154 1155
1153 1155 1156
1157 1156 1155
1156 1157 1158
1159 1158 1157
1158 1159 1160
1160 1159 1161
1162 1155 1154
1155 1162 1157
1157 1163 1159
1163 1157 1162
1164 1159 1163
1159 1164 1161
1154 1141 1162
1162 1140 1163
1140 1162 1141
1137 1163 1140
1163 1137 1164
1165 1166 1167
1166 1165 1168
1169 1168 1165
1168 1169 1170
1171 1170 1169
1170 1171 1172
1171 1173 1172
1173 1171 1174
1175 1173 1174
1173 1175 1176
1177 1176 1175
1176 1177 1178
1179 1180 1181
1180 1179 1182
1183 1182 1179
1182 1183 1184
1185 1184 1183
1184 1185 1186
1186 1187 1184
1187 1186 1188
1188 1189 1187
1189 1188 1190
1191 1187 1189
1187 1191 1192
1192 1184 1187
1184 1192 1182
1193 1192 1191
1192 1193 1194
1182 1194 1180
1194 1182 1192
1195 1196 1197
1196 1195 1198
1197 1199 1195
1199 1197 1200
1201 1198 1195
1198 1201 1202
1203 1202 1201
1202 1203 1204
1201 1205 1203
1205 1201 1206
1195 1206 1201
1206 1195 1199
1207 1208 1209
1208 1207 1210
1211 1212 1213
1212 1211 1214
1211 1215 1214
1215 1211 1216
1212 1217 1213
1217 1212 1218
1218 1219 1217
1219 1218 1220
1216 1221 1215
1221 1216 1222
1223 1224 1225
1224 1223 1226
1227 1225 1224
1225 1227 1228
1229 1228 1227
1228 1229 1230
1231 1232 1233
1232 1231 1234
1235 1234 1231
1234 1235 1236
1231 1237 1235
1237 1231 1238
1233 1238 1231
1238 1239 1237
1239 1238 1240
1241 1240 1238
1238 1233 1241
1240 1241 1242
1243 1244 1245
1244 1243 1246
1247 1246 1243
1246 1247 1248
1249 1248 1247
1248 1249 1250
1251 1252 1253
1252 1251 1254
1255 1252 1254
1252 1255 1256
1257 1256 1255
1256 1257 1258
1259 1254 1251
1254 1259 1260
1260 1255 1254
1261 1260 1259
1260 1261 1262
1263 1260 1262
1260 1263 1264
1255 1260 1264
1265 1264 1263
1264 1265 1266
1255 1266 1257
1266 1255 1264
1267 1268 1269
1268 1267 1270
1269 1271 1267
1271 1269 1272
1272 1273 1271
1273 1272 1274
1275 1276 1277
1276 1275 1278
1276 1279 1277
1279 1276 1280
1280 1281 1279
1281 1280 1282
1283 1284 1285
1284 1283 1286
1286 1287 1284
1287 1286 1288
1289 1287 1288
1287 1289 1290
1285 1291 1283
1291 1285 1292
1293 1294 1295
1294 1296 1295
1296 1294 1297
1297 1298 1296
1298 1297 1299
1299 1300 1298
1300 1299 1301
1302 1303 1304
1303 1302 1305
1306 1307 1308
1307 1306 1309
1310 1308 1307
1308 1310 1311
1312 1313 1314
1313 1312 1315
1315 1316 1313
1316 1315 1317
1318 1319 1320
1319 1318 1321
1322 1323 1324
1324 1323 1325
1324 1326 1322
1326 1324 1327
1324 1325 1328
511 1329 512
1329 511 1330
1330 1331 1329
1331 1330 1332
1332 1333 1331
1333 1332 1334
1334 1335 1333
1335 1334 1336
1337 1335 1336
1335 1337 1338
1339 1338 1337
1338 1339 1340
1341 1340 1339
1340 1341 1342
1341 1343 1342
1344 1343 1341
1343 1344 1345
1342 1343 1346
1344 1347 1345
1347 1348 1345
1347 1349 1348
1347 1350 1349
1343 1351 1346
1343 1352 1351
567 1353 568
1353 567 1354
1354 1355 1353
1355 1354 1356
1356 1357 1355
1357 1356 1358
1358 1359 1357
1359 1358 1360
1360 1361 1359
1361 1360 1362
1362 1363 1361
1363 1362 1364
1364 1365 1363
1365 1364 1366
1366 1367 1365
1367 1366 1368
1368 1369 1367
1369 1368 1370
1370 1371 1369
1371 1370 1372
1373 1374 1375
1374 1373 1376
1375 1377 1373
1377 1375 1378
1376 1379 1374
1379 1376 1380
1381 1382 1383
1382 1381 1384
1385 1386 1387
1386 1385 1388
1388 1389 1386
1389 1388 1390
1390 1391 1389
1391 1390 1392
1392 1393 1391
1393 1392 1394
1395 1396 1397
1396 1395 1398
1399 1398 1395
1398 1399 1400
1401 1400 1399
1400 1401 1402
1403 1402 1401
1402 1403 1404
1405 1404 1403
1404 1405 1406
1407 1397 1396
1397 1407 1408
1409 1408 1407
1408 1409 1410
1411 1410 1409
1410 1411 1412
1413 1412 1411
1412 1413 1414
1415 1414 1413
1414 1415 1416
1403 1417 1405
1417 1403 1418
1401 1418 1403
1418 1401 1419
1399 1419 1401
1419 1399 1420
1395 1420 1399
1420 1395 1421
1397 1421 1395
1421 1397 1422
1408 1422 1397
1422 1408 1423
1410 1423 1408
1423 1410 1424
1412 1424 1410
1424 1412 1425
1414 1425 1412
1425 1414 1426
1414 1427 1426
1427 1414 1416
1428 1427 1416
1415 1428 1416
1429 1430 1431
1430 1429 1432
1432 1433 1430
1433 1432 1434
1434 1435 1433
1435 1434 1436
1436 1437 1435
1437 1436 1438
1438 1439 1437
1439 1438 1440
1431 1441 1429
1441 1431 1442
1442 1443 1441
1443 1442 1444
1444 1445 1443
1445 1444 1446
1446 1447 1445
1447 1446 1448
1449 1447 1448
1447 1449 1450
1451 1440 1438
1440 1451 1452
1438 1453 1451
1453 1438 1436
1436 1454 1453
1454 1436 1434
1434 1455 1454
1455 1434 1432
1432 1456 1455
1456 1432 1429
1429 1457 1456
1457 1429 1441
1441 1458 1457
1458 1441 1443
1443 1459 1458
1459 1443 1445
1445 1460 1459
1460 1445 1447
1447 1461 1460
1461 1447 1450
1462 1461 1450
1449 1462 1450
1463 1464 1465
1464 1463 1466
1465 1467 1463
1467 1465 1468
1469 1467 1468
1467 1469 1470
1469 1471 1470
1471 1469 1472
1473 1471 1472
1471 1473 1474
1475 1474 1473
1474 1475 1476
1477 1476 1475
1476 1477 1478
1479 1478 1477
1478 1479 1480
1481 1480 1479
1480 1481 1482
1483 1484 1485
1484 1483 1486
1486 1487 1484
1487 1486 1488
1488 1489 1487
1489 1488 1490
1490 1491 1489
1491 1490 1492
1493 1494 1495
1494 1493 1496
1497 1496 1493
1496 1497 1498
1499 1498 1497
1498 1499 1500
1501 1500 1499
1500 1501 1502
1503 1502 1501
1502 1503 1504
1494 1505 1495
1505 1494 1506
1507 1505 1506
1505 1507 1508
1507 1509 1508
1509 1507 1510
1510 1511 1509
1511 1510 1512
1513 1514 1515
1515 1516 1513
1516 1515 1517
1517 1518 1516
1518 1517 1519
1520 1521 1522
1521 1520 1523
1524 1523 1520
1523 1524 1525
1526 1525 1524
1525 1526 1527
1528 1527 1526
1527 1528 1529
1530 1531 1532
1531 1530 1533
1534 1535 1536
1535 1534 1537
1538 1537 1534
1537 1538 1539
1540 1539 1538
1539 1540 1541
1542 1543 1544
1543 1542 1545
1546 1547 1548
1547 1546 1549
1550 1549 1546
1549 1550 1551
1552 1551 1550
1551 1552 1553
1554 1553 1552
1553 1554 1555
1556 1557 1558
1559 1558 1557
1558 1559 1560
1556 1558 1561
1561 1558 1562
1562 1558 1563
1563 1558 1564
1560 1564 1558
1564 1560 1565
1566 1565 1560
1565 1566 1567
1568 1567 1566
1567 1568 1569
1570 1569 1568
1568 1571 1570
1572 1570 1571
1570 1572 1573
1574 1573 1572
1573 1574 1575
1576 1573 1575
1573 1576 1577
1578 1576 1575
1576 1578 1579
1575 1580 1578
1580 1575 1574
1573 1581 1570
1581 1573 1577
1569 1570 1581
1571 1568 1582
1566 1582 1568
1582 1566 1583
1584 1579 1578
1579 1584 1585
1586 1585 1584
1584 1587 1586
1588 1586 1587
1586 1588 1589
1590 1589 1588
1589 1590 1591
1591 1592 1589
1592 1591 1593
1594 1589 1592
1589 1594 1586
1585 1586 1594
1587 1584 1595
1596 1593 1591
1593 1596 1597
1598 1597 1596
1597 1598 1599
1596 1600 1598
1600 1596 1601
1591 1601 1596
1601 1591 1590
1602 1599 1598
1599 1602 1603
1602 1604 1603
1604 1602 1605
1602 1606 1605
1606 1602 1607
1598 1607 1602
1607 1598 1600
1608 1605 1606
1605 1608 1609
1610 1605 1609
1605 1610 1604
1578 1595 1584
1595 1578 1580
1611 1612 1613
1612 1611 1614
1613 1615 1611
1615 1613 1616
1617 1616 1613
1616 1617 1618
1619 1613 1612
1613 1619 1617
1612 1620 1619
1620 1612 1621
1614 1621 1612
1621 1614 1622
1616 1623 1615
1623 1616 1624
1618 1624 1616
1624 1625 1623
1625 1624 1626
1627 1626 1624
1624 1618 1627
1626 1627 1628
1622 1629 1621
1629 1622 1630
1630 1631 1629
1632 1629 1631
1633 1632 1631
1634 1633 1631
1631 1630 1634
1633 1634 1635
1632 1633 1636
1629 1632 1637
1635 1638 1633
1638 1635 1639
1639 1640 1638
1640 1639 1641
1633 1642 1636
1642 1633 1638
1638 1643 1642
1643 1638 1640
1640 1644 1643
1644 1640 1645
1641 1645 1640
1645 1641 1646
1646 1647 1645
1647 1646 1648
1648 1649 1647
1650 1647 1649
1647 1650 1651
1645 1651 1644
1651 1645 1647
1649 1648 1652
1649 1653 1650
1654 1653 1649
1655 1654 1649
1656 1655 1649
1652 1656 1649
1657 1658 1659
1658 1657 1660
1661 1658 1660
1658 1661 1662
1662 1626 1658
1626 1662 1625
1628 1658 1626
1658 1628 1659
1660 1663 1661
1663 1660 1664
1660 1665 1664
1665 1660 1657
1666 1667 1668
1667 1666 1669
1669 1670 1667
1670 1669 1671
1671 1672 1670
1672 1671 1673
1673 1674 1672
1674 1673 1675
1675 1676 1674
1676 1675 1677
1677 1678 1676
1678 1677 1679
1679 1680 1678
1680 1679 1681
1681 1682 1680
1682 1681 1683
1683 1684 1682
1684 1683 1685
1685 1686 1684
1686 1685 1687
1688 1689 1690
1689 1688 1691
1692 1689 1691
1689 1692 1693
1692 1694 1693
1694 1692 1695
1696 1694 1695
1694 1696 1697
1696 1698 1697
1698 1696 1699
1700 1698 1699
1698 1700 1701
1700 1702 1701
1702 1700 1703
1704 1688 1690
1688 1704 1705
1706 1707 1708
1707 1706 1709
1709 1710 1707
1710 1709 1711
1711 1712 1710
1712 1711 1713
1713 1714 1712
1714 1713 1715
1716 1714 1715
1716 1717 1714
1716 1718 1717
1718 1716 1719
1720 1721 1722
1721 1720 1723
1724 1725 1726
1725 1724 1727
1727 1728 1725
1728 1727 1729
1730 1728 1729
1728 1730 1731
1730 1732 1731
1732 1730 1733
1734 1732 1733
1732 1734 1735
1734 1736 1735
1736 1734 1737
1738 1736 1737
1736 1738 1739
1738 1740 1739
1740 1738 1741
1742 1743 1744
1743 1742 1745
1746 1747 1748
1747 1746 1749
1750 1748 1747
1748 1750 1751
1752 1751 1750
1751 1752 1753
1746 1754 1749
1754 1746 1755
1755 1756 1754
1756 1755 1757
1758 1759 1760
1759 1758 1761
1762 1763 1764
1764 1765 1762
1765 1764 1766
1766 1767 1765
1767 1766 1768
1769 1767 1768
1770 1769 1768
1769 1770 1771
1772 1769 1771
1768 1773 1770
1773 1768 1766
1766 1774 1773
1774 1766 1764
1764 1775 1774
1775 1764 1763
1776 1772 1771
1772 1776 1777
1778 1772 1777
1771 1779 1776
1779 1771 1770
1770 1780 1779
1780 1770 1773
1773 1781 1780
1781 1773 1774
1774 1782 1781
1782 1774 1775
1148 1778 1777
1778 1148 1150
1777 1146 1148
1146 1777 1776
1776 1144 1146
1144 1776 1779
1779 1142 1144
1142 1779 1780
1780 1138 1142
1138 1780 1781
1782 1138 1781
1138 1782 1139
845 859 844
886 904 900
904 886 887
1637 1621 1629
1621 1637 1620
1560 1583 1566
1583 1560 1559
851 828 834
828 851 829
1783 1784 1785
1784 1783 1786
1783 1785 1787
1788 1786 1783
1788 1783 1789
1789 1783 1787
1786 1788 1790
1790 1788 1791
1791 1788 1792
1788 1789 1792
1793 1789 1787
1794 1793 1787
1785 1795 1787
1795 1794 1787
1796 1794 1795
1795 1797 1796
1797 1795 1798
1784 1798 1785
1785 1798 1795
1794 1796 1799
1799 1800 1794
1793 1794 1800
1800 1799 1801
1801 1802 1800
1802 1801 1803
1804 1802 1803
1802 1804 1805
1806 1805 1804
1805 1806 1807
1808 1807 1806
1807 1808 1809
1810 1809 1808
1809 1810 1811
1802 1812 1800
1793 1800 1812
1813 1793 1812
1811 1814 1809
1814 1811 1815
1815 1816 1814
1816 1815 1817
1817 1818 1816
1818 1817 1819
1819 1820 1818
1807 1809 1821
1814 1821 1809
1814 1816 1821
1816 1822 1821
1822 1816 1818
1822 1818 1823
1820 1823 1818
1822 1823 1824
1822 1824 1825
1821 1822 1825
1820 1826 1823
1827 1823 1826
1823 1827 1824
1828 1826 1820
1828 1829 1826
1827 1826 1829
1829 1828 1830
1830 1831 1829
1831 1830 1832
1832 1833 1831
1833 1832 1834
1830 1835 1832
1835 1834 1832
1835 1830 1836
1836 1837 1835
1838 1835 1837
1835 1838 1839
1834 1835 1839
1838 1840 1839
1840 1834 1839
1840 1838 1841
1841 1842 1840
1842 1841 1843
1844 1843 1841
1843 1844 1845
1837 1846 1838
1846 1841 1838
1841 1846 1844
1846 1837 1847
1837 1836 1848
1848 1847 1837
1834 1840 1849
1840 1850 1849
1850 1840 1842
1851 1844 1846
1847 1851 1846
1844 1851 1852
1852 1845 1844
1853 1852 1851
1852 1853 1854
1855 1854 1853
1854 1855 1856
1857 1856 1855
1856 1857 1858
1858 1859 1856
1859 1858 1860
1861 1856 1859
1856 1861 1854
1862 1855 1853
1855 1862 1863
1863 1857 1855
1857 1863 1864
1865 1864 1863
1864 1865 1866
1863 1867 1865
1867 1863 1862
1854 1868 1852
1868 1854 1861
1862 1869 1867
1869 1862 1870
1853 1870 1862
1870 1853 1851
1845 1852 1868
1870 1871 1869
1871 1870 1847
1851 1847 1870
1847 1848 1871
1872 1791 1873
1874 1872 1873
1872 1874 1850
1875 1850 1874
1850 1875 1849
1876 1874 1873
1874 1876 1877
1875 1874 1877
1833 1849 1875
1849 1833 1834
1878 1875 1877
1878 1833 1875
1791 1792 1873
1876 1873 1792
1813 1876 1792
1876 1813 1879
1877 1876 1879
1880 1877 1879
1880 1878 1877
1831 1833 1878
1831 1878 1881
1881 1878 1880
1881 1880 1882
1829 1831 1881
1827 1881 1882
1827 1829 1881
1824 1827 1882
1824 1882 1883
1883 1882 1884
1884 1880 1879
1882 1880 1884
1884 1879 1812
1879 1813 1812
1802 1884 1812
1802 1883 1884
1802 1805 1883
1805 1825 1883
1825 1824 1883
1805 1807 1825
1807 1821 1825
1885 1886 1887
1886 1885 1888
1889 1887 1886
1887 1889 1890
1891 1890 1889
1890 1891 1892
1893 1892 1891
1892 1893 1894
1885 1895 1888
1895 1885 1896
1896 1897 1895
1897 1896 1898
1898 1899 1897
1899 1898 1900
1900 1901 1899
1901 1900 1902
1894 1903 1892
1903 1894 1904
1904 1905 1903
1905 1904 1906
1907 1906 1904
1894 1907 1904
1906 1907 1908
1908 1909 1906
1909 1908 1910
1906 1911 1905
1911 1906 1909
1912 1905 1911
1911 1913 1912
1913 1911 1914
1909 1914 1911
1905 1912 1915
1915 1903 1905
1903 1915 1916
1917 1915 1912
1915 1917 1918
1918 1916 1915
1919 1918 1917
1918 1919 1920
1919 1921 1920
1921 1919 1922
1920 1923 1918
1916 1918 1923
1923 1920 1924
1922 1925 1921
1925 1922 1926
1927 1926 1922
1926 1927 1928
1926 1929 1925
1929 1926 1930
1928 1930 1926
1930 1931 1929
1931 1930 1932
1933 1932 1930
1930 1928 1933
1932 1933 1934
1932 1935 1931
1936 1931 1935
1931 1936 1937
1937 1929 1931
1935 1932 1938
1934 1938 1932
1929 1937 1939
1939 1925 1929
1925 1939 1940
1940 1921 1925
1921 1940 1941
1941 1920 1921
1920 1941 1924
1942 1934 1933
1928 1942 1933
1942 1928 1943
1927 1943 1928
1943 1927 1944
1945 1943 1944
1946 1945 1944
1945 1946 1947
1948 1945 1947
1949 1948 1947
1946 1949 1947
1948 1949 1950
1951 1950 1949
1950 1951 1952
1952 1953 1950
1953 1952 1954
1945 1948 1955
1956 1955 1948
1950 1956 1948
1956 1950 1953
1955 1956 1957
1955 1958 1945
1958 1955 1959
1957 1959 1955
1949 1960 1951
1960 1949 1961
1949 1946 1961
1954 1962 1953
1962 1954 1963
1963 1964 1962
1964 1963 1965
1965 1966 1964
1967 1964 1966
1964 1967 1968
1968 1962 1964
1966 1969 1967
1969 1966 1970
1971 1970 1966
1966 1965 1971
1970 1971 1972
1967 1973 1968
1973 1967 1974
1969 1974 1967
1974 1969 1975
1975 1976 1974
1976 1975 1977
1978 1974 1976
1974 1978 1973
1979 1968 1973
1968 1979 1980
1962 1968 1980
1973 1981 1979
1981 1973 1978
1980 1953 1962
1953 1980 1956
1980 1957 1956
1957 1980 1979
1979 1982 1957
1982 1979 1981
1959 1957 1982
1983 1984 1985
1984 1983 1986
1987 1985 1984
1985 1987 1988
1989 1986 1983
1986 1989 1990
1991 1990 1989
1990 1991 1992
1993 1992 1991
1992 1993 1994
1995 1994 1993
1994 1995 1996
1997 1996 1995
1996 1997 1998
1999 2000 2001
2000 1999 2002
2002 2003 2000
2003 2002 2004
2005 2003 2004
2003 2005 2006
2007 2008 2009
2008 2007 2010
2011 2009 2008
2009 2011 2012
2013 2010 2007
2010 2013 2014
2013 2015 2014
2015 2013 2016
2017 2018 2019
2018 2017 2020
2020 2021 2018
2021 2020 2022
2019 2023 2017
2023 2019 2024
2024 2025 2023
2025 2024 2026
2026 2027 2025
2027 2026 2028
2028 2029 2027
2029 2028 2030
2030 2031 2029
2031 2030 2032
2033 2034 2035
2034 2033 2036
2037 2035 2034
2035 2037 2038
2037 2039 2038
2039 2037 2040
2041 2042 2043
2042 2041 2044
2041 2045 2044
2045 2041 2046
2046 2047 2045
2047 2046 2048
2048 2049 2047
2049 2048 2050
1943 1945 1958
2051 1944 1927
1944 2051 1946
2051 1961 1946
1961 2051 2052
2052 1960 1961
1960 2052 1913
1913 2053 1960
2053 1913 1914
2053 1914 2054
1922 2051 1927
2051 1922 1919
1917 2051 1919
2051 1917 2052
1912 2052 1917
2052 1912 1913
1914 1909 2054
2054 1909 1910
497 479 499
479 497 482
1034 1076 1040
1076 1034 1074
1036 1074 1034
1074 1036 1072
1042 1072 1036
1072 1042 1070
1044 1070 1042
1070 1044 1060
1045 1063 1059
1063 1045 1053
2055 2056 2057
2056 2055 2058
1892 1916 1890
1916 1892 1903
1923 1890 1916
1890 1923 1887
1924 1887 1923
1887 1924 1885
1924 1896 1885
1896 1924 1941
1941 1898 1896
1898 1941 1940
1940 1900 1898
1900 1940 1939
1939 1902 1900
1902 1939 1937
1936 1902 1937
1336 1334 2059
1334 2060 2059
2060 1334 1332
1332 2061 2060
2061 1332 1330
1330 2062 2061
2062 1330 511
513 2062 511
2062 513 2063
515 2063 513
2063 515 2064
517 2064 515
2064 517 2065
519 2065 517
2059 2060 2066
2067 2060 2061
2060 2067 2066
2068 2061 2062
2061 2068 2067
2063 2068 2062
2068 2063 2069
2064 2069 2063
2069 2064 2070
2065 2070 2064
1813 1792 1789
1793 1813 1789
