byte offset: 0
first index: 0
index count: 10014
topology: trianglelist
format: DXGI_FORMAT_R16_UINT

0 1 2
3 0 2
4 0 3
4 5 0
6 0 5
0 6 7
7 1 0
8 4 3
4 8 9
10 4 9
9 8 11
5 4 12
12 6 5
6 12 13
13 12 14
4 10 15
12 4 15
15 16 12
14 12 16
17 14 16
17 18 14
17 16 19
19 16 20
15 20 16
19 20 21
21 22 19
22 21 23
24 19 22
19 24 25
17 19 25
22 26 24
23 26 22
23 27 26
26 28 24
24 28 29
29 28 30
24 29 31
31 25 24
25 32 17
32 18 17
32 25 33
25 31 33
33 34 32
34 33 35
35 36 34
37 34 36
34 37 38
38 32 34
36 35 39
32 38 40
18 32 40
36 39 41
36 42 37
43 41 39
41 43 44
45 41 44
46 41 45
41 46 36
36 46 42
44 43 47
47 48 44
48 47 49
44 48 50
44 50 45
45 50 51
50 48 52
50 52 51
53 51 52
53 54 51
45 51 55
54 55 51
54 53 56
57 53 52
57 52 58
48 58 52
49 58 48
59 53 57
53 59 56
56 59 60
61 56 60
60 62 61
62 60 63
64 63 60
60 59 64
63 64 65
64 66 65
66 64 67
67 68 66
68 67 69
70 66 68
66 70 71
66 72 65
72 66 71
63 73 62
73 63 74
74 65 72
65 74 63
75 64 59
75 67 64
69 76 68
76 69 77
77 78 76
78 77 79
79 80 78
80 79 81
81 82 80
82 81 83
84 83 81
83 84 85
86 85 84
85 86 87
88 87 86
87 88 89
81 90 84
81 79 90
91 80 82
80 91 92
92 78 80
78 92 93
93 76 78
76 93 94
88 95 89
95 88 96
96 97 95
97 96 98
97 98 99
99 98 100
100 101 99
102 98 96
94 68 76
68 94 70
101 100 103
100 104 103
105 94 93
94 105 106
107 94 106
94 107 70
108 70 107
70 108 71
109 71 108
71 109 72
110 72 109
72 110 74
111 74 110
74 111 73
107 112 108
112 107 113
106 113 107
113 114 112
114 113 115
116 112 114
112 116 117
117 110 109
108 117 109
117 108 112
116 118 117
110 117 118
118 111 110
118 116 119
118 119 120
121 115 113
115 121 122
115 122 123
124 122 121
122 124 125
124 126 125
126 124 127
127 128 126
128 127 129
129 130 128
130 129 131
105 127 124
127 105 132
132 129 127
106 124 121
124 106 105
129 132 133
92 133 132
92 134 133
133 134 129
129 134 131
134 92 91
92 132 93
93 132 105
126 135 125
135 136 125
135 137 136
137 135 138
139 137 138
137 139 140
141 136 137
136 141 123
142 123 141
123 142 143
144 140 139
140 144 145
146 140 145
140 146 147
137 147 141
147 137 140
148 145 144
145 148 149
148 150 149
150 148 151
151 152 150
152 151 153
144 154 148
154 151 148
154 144 155
156 141 147
141 156 142
147 157 156
157 147 146
146 158 157
159 157 158
157 159 160
160 156 157
158 161 159
161 158 162
162 163 161
163 162 164
165 162 158
158 146 165
162 165 166
166 164 162
164 166 167
145 165 146
165 145 149
149 166 165
156 160 168
169 159 161
159 169 170
170 160 159
161 171 169
171 161 163
166 149 150
166 150 167
172 168 160
160 170 172
168 172 173
173 174 168
142 168 174
168 142 156
174 143 142
143 174 175
114 143 175
115 143 114
115 123 143
174 173 176
176 175 174
175 176 177
175 177 116
114 175 116
178 176 173
176 178 179
177 180 116
180 176 179
176 180 177
181 180 179
180 181 182
179 183 181
183 179 178
178 184 183
184 178 185
186 184 185
184 186 187
186 188 187
188 189 187
189 188 190
188 186 191
191 192 188
192 190 188
192 191 193
193 194 192
194 193 195
195 196 194
196 195 197
170 191 186
191 170 169
169 193 191
197 198 196
198 197 199
199 200 198
200 199 201
202 200 201
203 202 201
202 203 204
205 204 203
203 206 205
206 203 207
201 207 203
207 201 199
207 208 206
209 206 208
208 210 209
211 209 210
209 211 212
152 212 211
212 152 213
210 208 214
215 214 208
208 207 215
214 215 216
214 164 210
164 214 163
216 163 214
163 216 171
167 210 164
210 167 211
167 152 211
152 217 213
217 152 153
218 217 153
217 218 219
219 220 217
220 213 217
220 219 221
221 222 220
222 221 223
224 223 221
223 224 225
153 226 218
226 153 151
151 154 226
227 226 154
155 227 154
227 155 228
226 227 229
229 218 226
230 229 227
228 230 227
229 230 231
232 231 230
230 233 232
233 230 234
230 228 234
235 234 228
234 235 236
237 236 235
236 237 238
235 239 237
240 237 239
237 240 241
241 238 237
239 135 240
135 239 138
242 138 239
239 235 242
138 242 139
155 139 242
139 155 144
126 240 135
126 241 240
243 236 238
244 243 238
238 241 244
243 244 245
245 244 130
128 130 244
128 244 241
241 126 128
242 228 155
228 242 235
236 243 246
246 234 236
234 246 233
247 248 249
248 247 250
251 249 248
249 251 252
253 252 251
252 253 254
255 254 253
254 255 256
250 257 248
257 250 205
253 222 255
222 253 258
251 258 253
248 259 251
259 248 257
258 251 259
259 260 258
260 259 261
257 261 259
261 257 262
205 262 257
261 213 260
213 261 212
262 212 261
212 262 209
213 220 260
220 258 260
258 220 222
206 209 262
262 205 206
223 255 222
255 223 263
225 263 223
263 225 264
225 265 264
265 225 266
267 265 266
266 268 267
268 266 269
225 269 266
269 270 268
270 269 271
271 272 270
272 271 273
224 271 269
269 225 224
271 224 274
273 275 272
275 273 231
231 232 275
276 231 273
271 276 273
276 271 274
231 276 229
218 229 276
219 276 274
276 219 218
221 274 224
274 221 219
277 278 279
278 277 280
279 281 277
281 279 282
277 283 280
279 284 282
284 279 285
280 286 278
286 280 287
288 287 280
283 288 280
288 289 287
287 289 290
290 286 287
289 291 290
291 289 292
289 293 292
293 289 288
293 288 294
291 295 290
295 291 296
291 297 296
298 297 291
299 297 298
300 297 299
297 301 296
300 301 297
300 302 301
300 303 302
303 300 304
303 305 302
295 306 290
306 295 307
286 290 306
305 303 308
305 308 309
310 308 303
310 303 304
302 311 301
311 296 301
296 311 312
295 312 307
312 295 296
311 302 313
305 313 302
313 305 314
315 305 309
305 315 314
316 286 306
286 316 317
318 317 316
316 319 318
317 318 320
321 320 318
320 321 322
323 321 318
319 323 318
321 323 324
320 325 317
325 320 326
322 326 320
326 285 325
285 326 327
328 323 319
323 328 329
329 324 323
330 329 328
329 330 331
328 332 330
332 328 333
319 333 328
333 319 334
335 330 332
330 335 336
336 331 330
337 336 335
336 337 338
337 339 338
339 340 338
340 339 341
339 337 342
343 338 340
338 343 336
331 336 343
341 344 340
344 341 345
345 346 344
347 344 346
344 347 348
348 340 344
340 348 343
346 345 349
350 348 347
348 350 351
351 343 348
352 351 350
351 352 353
354 353 352
353 354 324
324 329 353
354 321 324
321 354 355
355 322 321
322 355 356
356 357 322
357 356 358
358 359 357
359 358 360
360 361 359
361 360 362
363 359 361
359 363 327
327 357 359
363 364 327
364 285 327
364 284 285
357 327 326
326 322 357
279 325 285
325 279 278
278 317 325
317 278 286
283 365 366
365 367 366
367 365 368
288 283 366
294 288 366
294 366 369
367 369 366
370 294 369
371 294 370
371 293 294
293 371 372
293 372 292
292 372 373
292 373 374
298 374 373
298 291 374
291 292 374
375 298 373
299 298 375
376 299 375
377 299 376
376 378 377
377 378 379
377 379 304
380 304 379
380 310 304
300 377 304
299 377 300
381 382 46
381 383 382
381 55 383
55 384 383
381 45 55
45 381 46
55 54 384
385 384 54
56 385 54
56 386 385
56 61 386
382 42 46
61 387 386
387 385 386
387 61 388
62 388 61
388 62 389
389 390 388
390 389 391
392 390 391
390 392 393
394 393 392
393 394 395
392 396 394
396 392 397
392 398 397
398 392 391
73 389 62
389 73 399
399 391 389
391 399 398
387 388 400
400 388 390
401 400 390
401 390 393
402 395 394
395 402 403
404 403 402
403 404 405
406 405 404
405 406 407
408 407 406
407 408 409
409 410 407
410 409 411
411 412 410
412 411 413
413 414 412
414 413 415
407 410 416
407 416 405
406 417 408
417 406 418
404 418 406
418 404 419
402 419 404
419 402 420
421 414 415
414 421 422
423 422 421
422 423 424
423 425 424
425 426 424
426 425 427
428 422 424
394 420 402
420 394 396
418 429 417
420 430 419
430 420 431
432 420 396
420 432 431
396 433 432
433 396 397
397 434 433
434 397 398
398 435 434
435 398 399
399 111 435
111 399 73
436 432 433
432 436 437
437 431 432
438 437 436
437 438 439
436 440 438
440 436 441
435 441 434
433 441 436
441 433 434
442 440 441
441 435 442
111 442 435
440 442 443
120 443 442
439 444 437
444 439 445
439 446 445
445 447 444
447 445 448
449 447 448
447 449 450
451 450 449
450 451 452
453 452 451
452 453 454
450 430 447
430 450 455
452 455 450
431 447 430
447 431 444
455 452 456
418 455 456
429 418 456
456 452 429
429 452 454
418 419 455
419 430 455
449 448 457
457 448 458
459 457 458
457 459 460
459 461 460
461 459 462
458 463 459
463 458 446
446 464 463
464 446 465
462 466 461
466 462 467
462 468 467
468 462 469
459 469 462
469 459 463
467 470 466
470 467 471
472 470 471
470 472 473
474 473 472
473 474 475
476 466 470
473 476 470
466 476 477
478 463 464
463 478 469
469 479 468
479 469 478
480 468 479
479 481 480
481 479 482
478 482 479
483 480 481
480 483 484
485 484 483
484 485 486
484 487 480
468 480 487
487 484 488
486 488 484
488 486 489
487 467 468
467 487 471
488 471 487
482 478 490
481 491 483
491 481 492
482 492 481
483 493 485
493 483 491
471 488 472
489 472 488
490 494 482
492 482 494
494 490 495
496 495 490
490 464 496
464 490 478
465 496 464
496 465 497
438 497 465
439 438 465
439 465 446
495 496 498
497 498 496
498 497 499
497 440 499
438 440 497
498 500 495
500 498 501
499 440 502
502 498 499
498 502 501
502 503 501
503 502 504
505 501 503
501 505 500
506 500 505
500 506 507
506 508 507
508 506 509
510 508 509
189 510 509
510 189 190
508 510 511
512 511 510
190 512 510
511 512 513
514 513 512
513 514 515
516 515 514
515 516 517
511 492 508
492 511 491
513 491 511
518 517 516
517 518 519
520 519 518
519 520 521
520 522 521
522 523 521
523 522 524
524 525 523
526 523 525
523 526 527
527 521 523
521 527 519
528 527 526
526 529 528
530 528 529
529 531 530
531 529 532
532 474 531
474 532 533
528 530 534
534 535 528
527 528 535
535 534 536
486 534 530
534 486 485
485 536 534
536 485 493
531 474 489
489 530 531
530 489 486
474 472 489
537 474 533
474 537 475
537 538 475
538 537 539
540 539 537
533 540 537
539 540 541
542 541 540
541 542 543
543 544 541
544 543 545
546 475 538
475 546 473
476 473 546
546 547 476
547 477 476
477 547 548
547 546 549
538 549 546
549 550 547
550 548 547
550 549 551
551 552 550
553 550 552
550 553 554
548 550 554
554 555 548
555 554 556
556 557 555
557 556 558
559 555 557
557 560 559
560 557 561
558 561 557
457 559 560
559 457 460
460 562 559
555 559 562
562 460 461
461 477 562
477 461 466
449 457 560
561 449 560
556 563 558
563 564 558
561 558 564
564 563 565
565 453 564
451 564 453
451 561 564
449 561 451
548 562 477
562 548 555
563 556 566
554 566 556
566 554 553
567 568 569
569 570 567
570 569 571
49 571 569
49 569 572
568 572 569
568 573 572
572 573 574
69 574 573
573 568 575
575 568 576
567 576 568
577 575 576
575 578 573
77 573 578
77 69 573
577 579 575
579 90 575
575 90 578
577 580 579
86 579 580
581 580 577
580 581 102
102 88 580
88 86 580
84 579 86
84 90 579
79 77 578
79 578 90
69 67 574
67 75 574
582 574 75
574 582 572
49 572 582
582 58 49
582 57 58
57 582 75
59 57 75
102 581 583
102 583 584
585 584 583
585 586 584
587 586 585
586 587 104
586 100 584
100 586 104
100 98 584
102 584 98
571 49 47
571 47 588
589 588 47
29 588 589
570 588 29
571 588 570
589 47 43
43 39 589
39 35 589
33 589 35
589 33 31
29 589 31
570 29 30
102 96 88
590 591 281
365 591 590
591 277 281
591 283 277
283 591 365
365 590 368
367 368 592
593 594 595
596 594 593
597 594 596
598 594 597
599 594 598
600 594 599
595 594 601
601 594 602
602 594 603
603 594 600
604 605 606
604 607 605
608 607 604
607 608 609
609 610 607
610 609 611
612 607 610
607 612 605
610 613 612
614 612 613
614 605 612
613 610 615
611 615 610
615 611 616
605 614 617
617 606 605
618 617 614
617 618 619
606 617 620
620 617 619
613 621 614
619 622 620
615 623 613
623 615 624
624 101 623
101 624 99
625 623 101
623 625 626
626 613 623
613 626 621
624 627 99
627 624 628
628 615 616
615 628 624
627 97 99
101 103 625
629 630 631
630 629 632
632 629 633
634 8 635
8 634 11
635 8 3
3 636 635
2 636 3
637 638 639
638 637 640
639 641 637
641 639 642
641 642 643
641 643 644
644 645 641
645 644 646
645 646 647
648 649 650
651 648 650
648 651 652
653 648 652
648 653 654
654 649 648
655 651 650
656 655 650
649 656 650
651 655 657
655 658 657
658 655 659
656 659 655
659 660 658
660 659 661
660 661 656
659 656 661
649 654 662
653 662 654
662 653 663
1 7 664
7 665 664
665 7 666
666 667 665
6 666 7
666 6 668
669 666 668
669 670 666
670 667 666
669 671 670
671 669 672
673 672 669
672 674 671
668 675 669
6 675 668
675 6 13
13 14 675
669 676 673
675 676 669
676 675 677
675 14 677
678 677 14
678 14 18
678 679 677
679 680 677
676 677 680
679 681 680
682 681 679
681 682 683
683 682 684
679 685 682
682 685 684
684 685 686
685 679 687
678 687 679
685 688 686
688 689 686
685 690 688
687 690 685
691 687 678
18 691 678
687 691 692
690 687 692
693 692 691
692 693 694
695 694 693
693 37 695
37 693 38
691 38 693
694 695 696
38 691 40
691 18 40
695 697 696
695 37 42
697 698 696
698 697 699
700 699 697
701 700 697
697 695 701
695 42 701
699 702 698
702 699 703
703 704 702
699 705 703
699 700 705
700 706 705
705 707 703
705 706 707
708 707 706
708 706 709
700 710 706
709 706 710
709 387 708
711 707 708
711 712 707
703 707 712
704 703 712
400 711 708
708 387 400
713 704 712
713 712 711
400 401 711
711 401 713
713 401 714
393 714 401
704 713 715
714 715 713
715 714 716
395 716 714
395 714 393
717 715 716
716 718 717
718 719 717
720 719 718
718 716 721
403 721 716
403 716 395
720 718 722
722 718 416
718 721 416
720 722 723
412 723 722
724 720 723
723 428 724
428 723 414
414 723 412
410 412 722
410 722 416
405 721 403
405 416 721
725 717 719
725 726 717
726 725 727
727 728 726
704 726 728
704 715 726
717 726 715
728 702 704
728 729 702
728 727 729
727 688 729
688 730 729
730 702 729
730 698 702
698 730 696
696 730 694
730 692 694
692 730 690
688 690 730
727 689 688
316 334 319
306 334 316
334 306 307
307 333 334
333 307 312
311 333 312
333 311 332
313 332 311
332 313 335
314 335 313
335 314 337
315 337 314
337 315 342
731 732 733
731 734 732
731 735 734
731 736 735
731 737 736
731 738 737
731 739 738
731 740 739
731 741 740
731 742 741
731 743 742
731 733 743
744 745 746
745 744 747
747 748 745
748 747 749
749 750 748
750 749 751
751 752 750
752 751 753
753 754 752
754 753 755
756 754 755
754 756 757
758 757 756
757 758 759
760 759 758
759 760 761
762 761 760
761 762 763
764 763 762
763 764 765
766 765 764
765 766 767
744 767 766
767 744 746
331 353 329
353 331 351
343 351 331
111 118 768
442 111 768
118 120 768
120 442 768
120 182 769
182 120 119
182 119 180
182 770 769
770 182 181
183 770 181
770 183 771
184 771 183
771 184 772
187 772 184
772 187 189
120 769 504
770 504 769
504 443 120
504 502 443
505 770 771
770 505 503
504 770 503
771 506 505
506 771 772
772 509 506
509 772 189
502 440 443
113 106 121
123 122 136
125 136 122
773 774 775
774 773 776
775 777 773
777 775 778
776 779 774
779 776 780
781 779 780
779 781 782
783 782 781
782 783 784
783 785 784
785 783 786
786 787 785
787 786 788
789 787 788
787 789 790
791 790 789
790 791 792
793 792 791
792 793 794
795 250 247
250 795 204
204 205 250
796 204 795
204 796 202
797 202 796
202 797 798
799 798 797
798 799 800
800 200 798
200 202 798
200 800 801
802 200 801
200 802 198
803 198 802
198 803 196
804 196 803
196 804 194
805 194 804
194 805 192
190 192 805
800 520 801
520 802 801
520 800 806
799 806 800
522 520 806
802 520 518
518 803 802
512 190 805
805 514 512
514 805 804
804 516 514
516 804 803
803 518 516
807 522 806
806 799 807
522 807 808
808 524 522
524 808 809
809 810 524
810 809 811
811 812 810
812 811 813
813 814 812
814 813 815
815 816 814
816 815 817
817 818 816
818 817 819
820 810 812
810 820 525
525 524 810
542 816 818
816 542 821
821 814 816
812 822 820
822 812 814
814 821 822
823 822 821
822 823 824
824 820 822
820 824 825
825 525 820
819 826 818
826 819 827
533 824 823
824 533 532
532 825 824
825 532 529
540 533 823
540 821 542
821 540 823
529 526 825
525 825 526
827 828 826
545 826 828
826 545 543
818 543 542
543 818 826
828 827 829
829 830 828
830 545 828
830 829 831
831 832 830
832 831 833
834 830 832
830 834 835
545 830 835
836 835 834
835 836 837
837 545 835
838 837 836
837 838 839
840 839 838
839 840 841
839 544 837
544 839 842
843 841 840
841 843 551
552 551 843
549 841 551
841 549 844
839 844 842
844 839 841
549 538 844
545 837 544
844 539 842
539 844 538
842 541 544
541 842 539
845 846 847
846 845 848
849 847 846
847 849 850
851 850 849
850 851 852
853 852 851
852 853 854
855 854 853
854 855 856
857 856 855
856 857 858
857 859 858
859 857 860
860 861 859
861 860 862
862 863 861
863 862 864
864 865 863
865 864 866
866 867 865
867 866 868
868 869 867
869 868 870
871 869 870
869 871 872
873 872 871
872 873 874
875 874 873
874 875 876
877 876 875
876 877 878
879 878 877
878 879 880
881 880 879
880 881 882
881 883 882
883 881 884
884 885 883
885 884 886
886 887 885
887 886 888
888 889 887
889 888 890
890 891 889
891 890 892
892 893 891
893 892 894
265 267 895
896 265 895
265 896 897
897 264 265
264 897 898
899 264 898
264 899 263
256 263 899
263 256 255
185 173 172
173 185 178
172 186 185
186 172 170
193 169 171
171 195 193
195 171 216
216 197 195
197 216 215
215 199 197
199 215 207
900 901 902
901 900 903
903 904 901
904 903 905
906 904 905
904 906 907
908 907 906
907 908 909
910 909 908
909 910 911
902 912 900
912 902 913
914 911 910
911 914 915
913 916 912
916 913 917
917 918 916
918 917 919
919 920 918
920 919 921
922 915 914
915 922 923
924 923 922
923 924 925
926 920 921
920 926 927
924 928 925
928 924 929
930 927 926
927 930 931
932 931 930
931 932 933
934 933 932
933 934 935
936 935 934
935 936 937
938 937 936
937 938 939
938 940 939
940 938 941
941 942 940
942 941 943
943 944 942
944 943 945
945 946 944
946 945 947
947 929 946
929 947 928
936 934 948
938 936 948
941 938 948
943 941 948
945 943 948
947 945 948
928 947 948
925 928 948
923 925 948
915 923 948
911 915 948
909 911 948
907 909 948
904 907 948
901 904 948
902 901 948
913 902 948
917 913 948
919 917 948
921 919 948
926 921 948
930 926 948
932 930 948
934 932 948
949 950 951
950 949 952
950 953 951
953 950 954
954 955 953
955 954 956
956 957 955
957 956 958
959 952 949
952 959 960
961 960 959
960 961 962
963 962 961
962 963 964
963 965 964
965 963 966
965 967 964
967 965 968
968 969 967
969 968 970
969 971 967
971 964 967
964 971 962
971 969 972
972 973 971
973 962 971
962 973 960
973 972 974
975 973 974
973 975 976
977 976 975
976 977 978
977 979 978
979 977 980
980 981 979
981 980 982
982 983 981
983 982 984
984 982 985
958 981 983
981 958 956
956 979 981
979 956 954
954 978 979
978 954 950
986 982 980
987 986 980
987 980 977
988 986 987
989 988 987
987 990 989
991 989 990
989 991 992
991 993 992
993 991 994
990 987 995
995 996 990
996 995 997
998 996 997
996 998 999
998 1000 999
1001 999 1000
999 1001 1002
999 1002 1003
996 999 1003
1003 1004 996
1000 998 1005
1005 1006 1000
1006 1005 1007
1007 1008 1006
1008 1007 1009
1010 1001 1000
1006 1010 1000
1001 1010 1011
1011 1010 1012
1013 1011 1012
1014 1013 1012
1013 1014 1015
1015 1016 1013
1016 1015 1017
1018 1013 1016
1013 1018 1019
1011 1013 1019
1020 1019 1018
1019 1020 1021
1020 1022 1021
1022 1020 1023
1024 1022 1023
1022 1024 1025
1024 1026 1025
1026 1024 1027
1001 1019 1021
1019 1001 1011
1017 1028 1016
1028 1018 1016
1028 1017 1029
1018 1030 1020
1031 1030 1018
1018 1028 1031
1030 1031 1032
1033 1032 1031
1034 1032 1033
1032 1034 1035
1034 1036 1035
1036 1034 1037
1037 1038 1036
1034 1039 1037
1039 1034 1040
1033 1040 1034
1041 1032 1035
1032 1041 1030
1036 1041 1035
1040 1033 1042
1037 1043 1038
1043 1037 1039
1029 1044 1028
1028 1045 1031
1045 1028 1044
1045 1033 1031
1033 1045 1042
1041 1036 1046
1038 1046 1036
1046 1038 1027
1027 1024 1046
1040 1047 1039
1047 1040 1048
1040 1049 1048
1049 1040 1042
1044 1050 1045
1050 1042 1045
1042 1050 1049
1051 1049 1050
1050 1044 1051
1049 1051 1052
1051 1053 1052
1053 1051 1054
1044 1054 1051
1054 1044 1055
1044 1029 1055
1023 1046 1024
1046 1023 1041
1020 1041 1023
1041 1020 1030
1056 1039 1047
1039 1056 1043
1057 1058 1059
1058 1057 1060
1060 1061 1058
1061 1060 1062
1063 1061 1062
1061 1063 1064
1065 1064 1063
1064 1065 1066
1059 1067 1057
1067 1059 1068
1068 1069 1067
1069 1068 1070
1071 1059 1058
1059 1071 1072
1072 1068 1059
1058 1073 1071
1073 1058 1061
1064 1073 1061
1068 1074 1070
1074 1068 1075
1068 1072 1075
1066 1076 1064
1073 1064 1076
1076 1066 1077
1074 1078 1070
1078 1069 1070
1078 1074 1079
1080 1078 1079
1078 1080 1081
1069 1082 1067
1069 1083 1082
1084 1083 1069
1084 1069 1085
1081 1085 1078
1069 1078 1085
1086 1084 1085
1085 1087 1086
1085 1081 1087
1083 1088 1082
1088 1089 1082
1089 1088 1090
1089 1091 1082
1091 1067 1082
1067 1091 1057
1091 1060 1057
1060 1091 1092
1060 1092 1062
1091 1089 1093
1094 1093 1089
1093 1094 1095
1096 1093 1095
1096 1095 1097
1093 1096 1098
1098 1091 1093
1091 1098 1092
1098 1099 1092
1099 1100 1092
1100 1062 1092
1099 1098 1101
1098 1102 1101
1102 1098 1096
1096 1103 1102
1103 1096 1097
1104 1103 1097
1097 1105 1104
1105 1106 1104
1106 1105 1107
1105 1108 1107
1108 1105 1109
1107 1110 1106
1111 1106 1110
1106 1111 1112
1112 1104 1106
1110 1107 1113
1104 1112 1114
1103 1104 1114
1105 1115 1109
1115 1105 1116
1115 1116 1095
1105 1097 1116
1095 1116 1097
1117 1110 1113
1110 1117 1111
1118 1111 1117
1117 1119 1118
1120 1118 1119
1118 1120 1121
1119 1117 1122
1119 1123 1120
1123 1119 1124
1125 1123 1124
1123 1125 1126
1127 1126 1125
1128 1127 1125
1124 1128 1125
1127 1128 1129
1126 1127 1130
1127 1131 1130
1131 1127 1132
1127 1133 1132
1133 1127 1129
1128 1124 1134
1119 1134 1124
1134 1119 1122
1135 1134 1122
1134 1135 1108
1132 1136 1131
1090 1132 1133
1132 1090 1137
1132 1137 1136
1138 1137 1090
1088 1138 1090
1138 1088 1139
1137 1138 1140
1136 1137 1140
1140 1141 1136
1141 1142 1136
1142 1141 1143
1143 1144 1142
1144 1143 1145
1141 1146 1143
1146 1145 1143
1146 1141 1147
1148 1140 1138
1140 1148 1149
1140 1149 1141
1145 1146 1150
1151 1138 1139
1138 1151 1148
1084 1148 1151
1084 1151 1083
1139 1083 1151
1083 1139 1088
1086 1148 1084
1148 1086 1152
1148 1152 1153
1149 1148 1153
1149 1153 1154
1141 1154 1147
1141 1149 1154
1155 1100 1156
1155 1156 1157
1156 1158 1157
1158 1156 1159
1100 1159 1156
1160 1157 1158
1157 1160 1161
1162 1161 1160
1155 1062 1100
1155 1063 1062
1063 1155 1163
1157 1163 1155
1158 1164 1160
1160 1164 1165
1162 1160 1165
1166 1162 1165
1162 1166 1167
1168 1167 1166
1167 1168 1169
1165 1164 1170
1171 1167 1169
1167 1171 1172
1172 1162 1167
1162 1172 1173
1170 1174 1165
1175 1174 1170
1174 1175 1176
1175 1177 1176
1177 1175 1178
1178 1179 1177
1179 1178 1180
1181 1179 1180
1179 1181 1182
1181 1121 1182
1121 1181 1118
1111 1118 1181
1102 1175 1170
1170 1101 1102
1101 1170 1164
1164 1158 1101
1175 1102 1103
1178 1103 1114
1114 1180 1178
1103 1178 1175
1180 1114 1112
1112 1181 1180
1181 1112 1111
1159 1101 1158
1101 1159 1099
1159 1100 1099
1183 1184 1185
1184 1183 1186
1184 1187 1185
1187 1184 1188
1188 1189 1187
1189 1188 1190
1190 1191 1189
1192 1193 1194
1193 1192 1195
1194 1193 1196
1197 1198 1157
1163 1157 1198
1197 1157 1161
1161 1199 1197
1161 1162 1199
1162 1173 1199
1065 1063 1163
1200 1201 1202
1201 1200 1203
1201 1204 1202
1204 1201 1205
1206 1207 1208
1207 1206 1209
1210 1209 1206
1209 1210 1211
1135 1117 1113
1117 1135 1122
1107 1135 1113
1135 1107 1108
1109 1134 1108
1134 1109 1128
1109 1129 1128
1129 1109 1115
1094 1129 1115
1129 1094 1133
1089 1133 1094
1133 1089 1090
1094 1115 1095
1212 1213 1214
1212 1215 1213
1216 1215 1212
1215 1216 1217
1218 1217 1216
1217 1218 1219
1220 1217 1219
1217 1220 1221
1217 1222 1215
1222 1217 1221
1223 1219 1218
1219 1223 1224
1224 1220 1219
1225 1224 1223
1224 1225 1226
1227 1224 1226
1224 1227 1228
1220 1224 1228
1229 1226 1225
1226 1229 1230
1231 1230 1229
1230 1231 1232
1233 1230 1232
1230 1233 1234
1234 1226 1230
1226 1234 1227
1235 1222 1221
1222 1235 1236
1237 1236 1235
1236 1237 1238
1237 1239 1238
1239 1237 1240
1241 1239 1240
1239 1241 1242
1241 1243 1242
1243 1241 1244
1242 1245 1239
1245 1242 1246
1243 1246 1242
1246 1243 1247
1248 1243 1244
1243 1248 1249
1243 1250 1247
1250 1243 1249
1251 1249 1248
1249 1251 1252
1253 1252 1251
1252 1253 1254
1255 1252 1254
1252 1255 1256
1249 1256 1250
1256 1249 1252
1257 1258 1245
1258 1257 1259
1258 1260 1245
1261 1260 1258
1258 1262 1261
1262 1258 1263
1260 1261 1264
1261 1265 1264
1265 1261 1266
1262 1266 1261
1267 1260 1264
1267 1264 1265
1260 1267 1236
1268 1262 1263
1262 1268 1269
1268 1270 1269
1270 1268 1271
1272 1269 1270
1269 1272 1273
1274 1270 1271
1270 1274 1275
1276 1275 1274
1275 1276 1277
1278 1275 1277
1275 1278 1279
1270 1279 1272
1279 1270 1275
1280 1269 1273
1266 1262 1280
1269 1280 1262
1267 1222 1236
1222 1267 1281
1267 1008 1281
1008 1267 1282
1009 1281 1008
1281 1009 1213
969 1213 1009
969 1214 1213
1214 969 970
1215 1281 1213
1281 1215 1222
1282 1267 1283
1014 1282 1283
1283 1284 1014
1284 1283 1285
1265 1285 1283
1267 1265 1283
1285 1265 1286
1286 1287 1285
1287 1284 1285
1287 1286 1288
1288 1289 1287
1289 1288 1290
1289 1291 1287
1284 1287 1291
1291 1289 1292
1293 1289 1290
1289 1293 1294
1294 1292 1289
1292 1294 1295
1296 1294 1293
1294 1296 1297
1298 1297 1296
1297 1298 1299
1300 1297 1299
1297 1300 1301
1301 1294 1297
1294 1301 1295
1266 1302 1286
1302 1266 1303
1286 1265 1266
1304 1305 1306
1305 1304 1307
1308 1306 1305
1306 1308 1309
1308 1310 1309
1310 1308 1311
1312 1307 1304
1307 1312 1313
1313 1314 1307
1315 1314 1313
1314 1315 1316
1315 1317 1316
1318 1317 1315
1317 1318 1319
1319 1320 1317
1320 1316 1317
1320 1319 1321
1322 1320 1321
1320 1322 1323
1324 1323 1322
1323 1324 1325
1326 1323 1325
1327 1323 1326
1323 1327 1320
1316 1320 1327
1316 1328 1314
1328 1316 1327
1326 1328 1327
1328 1307 1314
1307 1328 1305
1329 1305 1328
1325 1329 1326
1328 1326 1329
1305 1329 1308
1311 1308 1329
1329 1325 1311
1321 1330 1322
1330 1321 1331
1321 1332 1331
1332 1321 1319
1333 1322 1330
1322 1333 1324
1319 1334 1332
1334 1319 1318
1335 1015 1284
1015 1335 1336
1014 1284 1015
1014 1012 1282
1010 1282 1012
1006 1282 1010
1282 1006 1008
1337 1338 1339
1338 1337 1340
1341 1337 1339
1337 1341 1342
1341 986 1342
986 1341 1343
1338 1344 1339
1344 1338 1345
1340 1346 1338
1346 1345 1338
1346 1340 1347
1348 1347 1340
1337 1348 1340
1347 1348 1349
1350 1349 1348
1348 1351 1350
1351 1348 1352
1353 1351 1352
1351 1353 1354
1355 1354 1353
1354 1355 1356
1357 1355 1353
1355 1357 1358
1355 1359 1356
1349 1350 1360
1360 1361 1349
1361 1347 1349
1362 1361 1360
1361 1362 1363
1363 1364 1361
1364 1363 1365
1366 1365 1363
1365 1366 1367
1368 1365 1367
1365 1368 1369
1369 1364 1365
1370 1369 1368
1369 1370 1371
1371 1372 1369
1364 1369 1372
1372 1371 1373
1346 1372 1373
1345 1346 1373
1374 1363 1362
1363 1374 1366
1347 1361 1364
1347 1372 1346
1372 1347 1364
991 1309 994
1375 1309 991
1309 1375 1306
1376 1306 1375
1306 1376 1304
1376 1377 1304
1376 1378 1377
1379 1377 1378
1377 1379 1380
1380 1381 1377
1381 1380 1382
1379 1383 1380
1380 1383 1382
1383 1384 1382
1384 1383 1385
1386 1384 1385
1387 1386 1385
1386 1387 1388
1385 1389 1387
1389 1385 1383
1383 1379 1389
1388 1390 1386
1390 1388 1391
1392 1388 1387
1389 1392 1387
1388 1392 1393
1393 1391 1388
1393 1392 1394
1395 1394 1392
1392 1389 1395
1394 1395 1396
1396 1395 1397
1397 1398 1396
1398 1397 1399
1395 1379 1397
1379 1395 1389
1397 1378 1399
1378 1397 1379
1391 1393 1400
1401 1393 1394
1393 1401 1400
1391 1402 1390
1403 1390 1402
1390 1403 1404
1402 1391 1405
1406 1400 1401
1400 1406 1407
1391 1407 1405
1407 1391 1400
1004 1399 1378
1399 1004 1003
1003 1025 1399
1378 1376 1004
1003 1022 1025
1022 1003 1002
1002 1021 1022
1021 1002 1001
996 1004 1376
996 1376 990
990 1376 1375
991 990 1375
1359 1408 1409
1408 1359 1410
1410 1411 1408
1411 1410 993
993 1412 1411
1412 993 994
1413 1412 994
1412 1413 1414
1414 1415 1412
1415 1411 1412
1416 1415 1414
1415 1416 1417
1418 1417 1416
1418 1419 1417
1419 1418 1420
1421 1419 1420
1419 1421 1422
1421 1423 1422
1423 1424 1422
1424 1423 1409
1422 1425 1419
1425 1422 1424
1417 1425 1415
1425 1417 1419
1420 1426 1421
1426 1420 1427
1420 1428 1427
1428 1420 1418
1421 1429 1423
1429 1421 1426
1430 1418 1416
1418 1430 1428
1409 1408 1424
1408 1425 1424
1427 1431 1426
1431 1427 1432
1427 1433 1432
1433 1427 1428
1434 1426 1431
1426 1434 1429
1435 1428 1430
1428 1435 1433
1425 1408 1411
1411 1415 1425
1386 1404 1384
1404 1386 1390
1436 1341 1339
985 1341 1436
1341 985 1343
1436 1339 1344
985 982 1343
982 986 1343
986 988 1342
1352 1342 988
988 1353 1352
1353 988 1357
988 989 1357
992 1357 989
1357 992 1358
993 1358 992
1358 993 1410
1342 1352 1337
1348 1337 1352
1355 1358 1410
1355 1410 1359
997 995 977
975 997 977
997 975 998
974 998 975
998 974 1005
974 1007 1005
1007 974 972
972 1009 1007
1009 972 969
987 977 995
1260 1236 1238
1239 1260 1238
1260 1239 1245
978 952 976
952 978 950
960 976 952
976 960 973
1437 1438 1439
1438 1437 1440
1441 1440 1437
1440 1441 1442
1437 1439 1443
1444 1440 1442
1440 1444 1445
1446 1439 1438
1439 1446 1447
1448 1439 1447
1443 1439 1448
1448 1447 1449
1447 1450 1449
1446 1450 1447
1448 1449 1451
1449 1452 1451
1449 1450 1453
1452 1449 1453
1452 1453 1454
1453 1455 1454
1453 1450 1456
1456 1457 1453
1453 1457 1458
1453 1458 1455
1455 1458 1459
1458 1457 1460
1461 1458 1460
1459 1458 1461
1461 1462 1459
1462 1461 1463
1461 1460 1464
1461 1464 1465
1461 1465 1463
1463 1465 1466
1465 1464 1467
1467 1468 1465
1465 1468 1466
1467 1469 1468
1456 1470 1457
1470 1456 1471
1456 1472 1471
1457 1473 1460
1473 1464 1460
1473 1457 1470
1464 1473 1474
1474 1467 1464
1467 1474 1475
1476 1467 1475
1467 1476 1469
1472 1477 1471
1477 1472 1478
1478 1479 1477
1478 1480 1479
1481 1480 1478
1480 1481 1482
1482 1483 1480
1483 1482 1484
1483 1485 1480
1479 1480 1485
1485 1483 1486
1487 1482 1481
1482 1487 1488
1488 1484 1482
1445 1488 1487
1488 1445 1489
1485 1490 1479
1490 1485 1491
1486 1491 1485
1491 1492 1490
1492 1491 1493
1494 1490 1492
1490 1494 1495
1495 1479 1490
1479 1495 1477
1492 1496 1494
1496 1492 1497
1493 1497 1492
1497 1498 1496
1498 1497 1499
1500 1498 1499
1501 1500 1499
1500 1501 1502
1498 1500 1503
1504 1499 1497
1499 1504 1501
1497 1493 1504
1505 1502 1501
1502 1505 1506
1507 1506 1505
1505 1508 1507
1508 1505 1509
1509 1501 1504
1501 1509 1505
1506 1507 1510
1509 1511 1508
1511 1509 1512
1504 1512 1509
1512 1513 1511
1513 1512 1514
1514 1515 1513
1515 1514 1486
1491 1486 1514
1483 1515 1486
1515 1483 1516
1484 1516 1483
1516 1484 1517
1518 1517 1484
1517 1518 1519
1520 1519 1518
1519 1520 1521
1522 1521 1520
1521 1522 1523
1520 1524 1522
1524 1520 1489
1518 1489 1520
1524 1489 1525
1525 1489 1445
1525 1445 1444
1489 1518 1488
1484 1488 1518
1487 1440 1445
1440 1487 1438
1481 1438 1487
1438 1481 1446
1478 1446 1481
1446 1478 1472
1450 1446 1472
1472 1456 1450
426 1526 1527
426 1527 1528
1529 1528 1527
1528 1529 1530
1528 1531 426
1530 1531 1528
1530 1532 1531
428 1531 1532
428 1532 724
426 1531 424
428 424 1531
427 1526 426
427 1533 1526
1534 1533 427
427 1535 1534
1535 427 425
1533 1534 1536
1537 1534 1535
1534 1537 1538
1538 1536 1534
1539 1538 1537
1538 1539 1540
1541 1540 1539
1539 1542 1541
1543 1541 1542
1541 1543 1544
1544 1545 1541
1540 1541 1545
1544 1546 1545
1542 1539 1547
1537 1547 1539
1548 1538 1540
1545 1548 1540
1547 1537 1549
1548 1545 1550
1546 1550 1545
1551 1548 1550
1550 1552 1551
1550 1546 1553
1553 1552 1550
1538 1548 1554
1552 1553 1555
1536 1538 1554
1537 1556 1549
1556 1537 1535
1535 1557 1556
1557 1535 425
1557 425 423
1443 1558 1559
1559 1437 1443
1559 1441 1437
1560 1441 1559
1560 1559 1558
1561 1560 1558
1443 1562 1558
1443 1448 1562
1448 1563 1562
1448 1451 1563
1451 1564 1563
1565 1564 1451
1452 1565 1451
1565 1452 1566
1452 1454 1566
1455 1566 1454
1455 1567 1566
1567 1455 1459
1568 1567 1459
1564 1569 1563
1563 1569 1570
1563 1570 1562
1562 1570 1571
1562 1571 1558
1571 1561 1558
1571 1572 1561
1568 1459 1462
1462 1573 1568
1573 1462 1574
1462 1463 1574
1575 1574 1463
1575 1463 1466
1576 701 382
1576 382 383
1576 383 710
710 383 384
1576 710 700
700 701 1576
710 384 709
385 709 384
387 709 385
382 701 42
1577 1578 1579
1580 1577 1579
1581 1580 1579
1582 1581 1579
1583 1582 1579
1584 1583 1579
1578 1585 1579
1585 1586 1579
1586 1587 1579
1587 1584 1579
1588 1589 1590
1590 1591 1588
1591 1592 1588
1593 671 674
671 1593 1594
1594 670 671
670 1594 1595
667 670 1595
1596 1597 1598
1597 1596 1599
1600 1599 1596
1599 1600 1601
1600 1602 1601
1600 1603 1602
1604 1603 1600
1603 1604 1605
1604 1606 1605
1607 1608 1609
1607 1610 1608
1610 1607 1611
1607 1612 1611
1612 1607 1613
1609 1613 1607
1610 1614 1608
1615 1608 1614
1609 1608 1615
1614 1610 1616
1617 1614 1616
1614 1617 1618
1618 1615 1614
1619 1618 1617
1618 1619 1620
1619 1615 1620
1615 1618 1620
1613 1609 1621
1621 1612 1613
1612 1621 1622
428 414 422
1623 1624 1625
1623 1625 1626
1623 1626 1627
1623 1627 1628
1623 1628 1629
1623 1629 1630
1623 1630 1631
1623 1631 1632
1623 1632 1633
1623 1633 1634
1623 1634 1635
1623 1635 1624
1636 1637 1638
1637 1636 1639
1640 1638 1637
1638 1640 1641
1642 1641 1640
1641 1642 1643
1644 1643 1642
1643 1644 1645
1646 1645 1644
1645 1646 1647
1646 1648 1647
1648 1646 1649
1649 1650 1648
1650 1649 1651
1651 1652 1650
1652 1651 1653
1653 1654 1652
1654 1653 1655
1655 1656 1654
1656 1655 1657
1657 1658 1656
1658 1657 1659
1659 1636 1658
1636 1659 1639
1493 1514 1512
1514 1493 1491
1512 1504 1493
1471 1495 1470
1495 1471 1477
1495 1473 1470
1473 1495 1494
1494 1474 1473
1474 1494 1496
1496 1475 1474
1475 1496 1498
1498 1476 1475
1476 1498 1503
431 437 444
446 458 445
448 445 458
1660 1661 1662
1661 1660 1663
1664 1663 1660
1663 1664 1665
1666 1662 1661
1662 1666 1667
1666 1668 1667
1668 1666 1669
1669 1670 1668
1670 1669 1671
1672 1670 1671
1670 1672 1673
1674 1673 1672
1673 1674 1675
1674 1676 1675
1676 1674 1677
1677 1678 1676
1678 1677 1679
1679 1680 1678
1680 1679 1681
495 507 494
507 495 500
508 494 507
494 508 492
491 513 493
515 493 513
493 515 536
517 536 515
536 517 535
519 535 517
535 519 527
1682 1683 1684
1683 1682 1685
1686 1683 1685
1683 1686 1687
1688 1687 1686
1687 1688 1689
1690 1689 1688
1689 1690 1691
1684 1692 1682
1692 1684 1693
1693 1694 1692
1694 1693 1695
1695 1696 1694
1696 1695 1697
1698 1696 1697
1696 1698 1699
1700 1698 1697
1698 1700 1701
1702 1701 1700
1701 1702 1703
1704 1702 1700
1704 1697 1695
1697 1704 1700
1702 1704 1705
1706 1705 1704
1706 1695 1693
1695 1706 1704
1705 1706 1707
1706 1708 1707
1708 1706 1709
1709 1710 1708
1710 1709 1711
1712 1710 1711
1710 1712 1713
1714 1713 1712
1713 1714 1715
1716 1715 1714
1715 1716 1717
1717 1718 1715
1714 1691 1716
1691 1714 1689
1712 1689 1714
1689 1712 1687
1711 1687 1712
1687 1711 1683
1715 1719 1713
1720 1713 1719
1720 1710 1713
1719 1721 1720
1721 1722 1720
1723 1720 1722
1724 1723 1722
1722 1725 1724
1726 1724 1725
1724 1726 1727
1720 1723 1728
1729 1728 1723
1728 1729 1730
1729 1731 1730
1731 1729 1732
1733 1731 1732
1732 1734 1733
1734 1732 1735
1732 1736 1735
1729 1736 1732
1736 1729 1737
1731 1733 1738
1739 1738 1733
1738 1739 1740
1741 1740 1739
1740 1741 1742
1734 1743 1733
1739 1733 1743
1743 1734 1744
1744 1745 1743
1744 1746 1745
1746 1747 1745
1747 1746 1748
1749 1748 1746
1748 1749 1750
1746 1751 1749
1751 1746 1752
1746 1744 1752
1752 1753 1751
1753 1752 1754
1755 1753 1754
1753 1755 1756
1755 1757 1756
1757 1755 1758
1759 1757 1758
1757 1759 1760
1752 1734 1754
1734 1752 1744
1761 1750 1749
1751 1761 1749
1750 1761 1762
1751 1753 1763
1763 1764 1751
1761 1751 1764
1764 1763 1765
1766 1764 1765
1765 1767 1766
1767 1765 1768
1769 1767 1768
1767 1769 1770
1770 1769 1771
1772 1767 1770
1767 1772 1773
1773 1766 1767
1765 1774 1768
1774 1765 1763
1774 1769 1768
1766 1773 1775
1770 1776 1772
1776 1770 1771
1777 1762 1761
1761 1778 1777
1778 1761 1764
1778 1766 1775
1766 1778 1764
1769 1774 1779
1779 1771 1769
1771 1779 1760
1760 1779 1757
1780 1773 1772
1773 1780 1781
1782 1773 1781
1773 1782 1775
1783 1777 1778
1783 1775 1782
1775 1783 1778
1782 1784 1783
1777 1783 1784
1784 1782 1785
1786 1784 1785
1784 1786 1787
1787 1777 1784
1777 1787 1788
1762 1777 1788
1779 1756 1757
1756 1779 1774
1774 1753 1756
1753 1774 1763
1772 1789 1780
1789 1772 1776
1790 1791 1792
1791 1790 1793
1794 1793 1790
1793 1794 1795
1794 1796 1795
1796 1794 1797
1797 1798 1796
1798 1797 1799
1800 1792 1791
1792 1800 1801
1802 1801 1800
1801 1802 1803
1792 1804 1790
1804 1792 1805
1801 1805 1792
1806 1790 1804
1790 1806 1794
1806 1797 1794
1807 1801 1803
1801 1807 1808
1805 1801 1808
1809 1799 1797
1797 1806 1809
1799 1809 1810
1811 1807 1803
1802 1811 1803
1807 1811 1812
1811 1813 1812
1813 1811 1814
1802 1800 1815
1802 1815 1816
1817 1802 1816
1817 1818 1802
1811 1802 1818
1818 1814 1811
1819 1818 1817
1818 1819 1820
1814 1818 1820
1816 1815 1821
1822 1821 1815
1821 1822 1823
1824 1822 1815
1800 1824 1815
1824 1800 1791
1793 1824 1791
1824 1793 1825
1793 1795 1825
1822 1824 1826
1826 1827 1822
1827 1826 1828
1826 1829 1828
1829 1830 1828
1829 1826 1831
1824 1831 1826
1831 1824 1825
1832 1831 1825
1832 1825 1833
1833 1825 1795
1831 1832 1834
1835 1831 1834
1831 1835 1829
1829 1836 1830
1836 1829 1835
1836 1837 1830
1838 1830 1837
1839 1838 1837
1838 1839 1840
1841 1838 1840
1838 1841 1842
1843 1840 1839
1839 1844 1843
1844 1839 1845
1837 1845 1839
1840 1843 1846
1845 1837 1847
1837 1836 1847
1848 1838 1842
1838 1848 1849
1848 1828 1849
1830 1838 1849
1828 1830 1849
1843 1850 1846
1850 1843 1844
1844 1851 1850
1852 1850 1851
1851 1853 1852
1853 1851 1854
1850 1852 1855
1856 1852 1853
1852 1856 1857
1856 1858 1857
1858 1856 1859
1859 1860 1858
1860 1861 1858
1861 1857 1858
1861 1860 1862
1860 1859 1863
1864 1860 1863
1860 1864 1865
1860 1866 1862
1866 1860 1865
1857 1861 1867
1867 1852 1857
1852 1867 1855
1867 1868 1855
1868 1867 1841
1865 1864 1869
1865 1823 1866
1823 1865 1870
1865 1869 1870
1870 1871 1823
1871 1821 1823
1821 1871 1872
1871 1870 1873
1869 1873 1870
1873 1869 1874
1875 1874 1869
1874 1875 1876
1877 1876 1875
1876 1877 1878
1879 1874 1876
1878 1879 1876
1874 1879 1880
1873 1881 1871
1881 1873 1882
1873 1874 1882
1879 1878 1883
1871 1884 1872
1884 1871 1881
1817 1884 1881
1817 1816 1884
1872 1884 1816
1816 1821 1872
1881 1819 1817
1819 1881 1885
1881 1886 1885
1882 1886 1881
1882 1887 1886
1874 1880 1887
1874 1887 1882
1888 1889 1833
1888 1890 1889
1891 1889 1890
1889 1891 1892
1833 1889 1892
1890 1893 1891
1893 1890 1894
1895 1893 1894
1888 1833 1795
1888 1795 1796
1796 1896 1888
1896 1890 1888
1897 1891 1893
1893 1898 1897
1895 1898 1893
1895 1899 1898
1899 1895 1900
1900 1901 1899
1901 1900 1902
1898 1903 1897
1900 1904 1902
1904 1900 1905
1895 1905 1900
1905 1895 1906
1903 1898 1907
1907 1908 1903
1908 1907 1909
1910 1908 1909
1908 1910 1911
1912 1911 1910
1911 1912 1913
1912 1914 1913
1914 1912 1915
1854 1914 1915
1914 1854 1851
1851 1844 1914
1908 1835 1903
1834 1903 1835
1903 1834 1897
1891 1897 1834
1835 1908 1836
1836 1911 1847
1913 1847 1911
1911 1836 1908
1847 1913 1845
1914 1845 1913
1845 1914 1844
1834 1892 1891
1892 1834 1832
1892 1832 1833
1916 1917 1918
1917 1916 1919
1920 1917 1919
1917 1920 1921
1922 1921 1920
1921 1922 1923
1923 1922 1924
1925 1926 1927
1926 1925 1928
1928 1929 1926
1930 1890 1931
1890 1896 1931
1930 1894 1890
1894 1930 1932
1894 1932 1895
1895 1932 1906
1798 1896 1796
1933 1934 1935
1934 1933 1936
1937 1934 1936
1934 1937 1938
1939 1940 1941
1940 1939 1942
1942 1943 1940
1943 1942 1944
1850 1868 1846
1868 1850 1855
1868 1840 1846
1840 1868 1841
1867 1842 1841
1842 1867 1861
1862 1842 1861
1842 1862 1848
1862 1827 1848
1827 1862 1866
1866 1822 1827
1822 1866 1823
1827 1828 1848
1945 1946 1947
1945 1947 1948
1948 1949 1945
1949 1948 1950
1950 1951 1949
1951 1950 1952
1950 1953 1952
1953 1950 1954
1955 1950 1948
1950 1955 1954
1952 1956 1951
1956 1952 1957
1953 1957 1952
1957 1958 1956
1958 1957 1959
1957 1960 1959
1960 1957 1961
1957 1953 1961
1959 1962 1958
1962 1959 1963
1963 1964 1962
1964 1963 1965
1963 1966 1965
1966 1963 1967
1959 1967 1963
1967 1959 1960
1955 1968 1954
1968 1955 1969
1969 1970 1968
1970 1969 1971
1972 1970 1971
1970 1972 1973
1972 1974 1973
1974 1972 1975
1976 1974 1975
1974 1976 1977
1978 1975 1972
1975 1978 1979
1979 1976 1975
1976 1979 1980
1976 1981 1977
1981 1976 1982
1976 1983 1982
1983 1976 1980
1982 1984 1981
1984 1982 1985
1985 1986 1984
1986 1985 1987
1985 1988 1987
1988 1985 1989
1982 1989 1985
1989 1982 1983
1990 1991 1978
1991 1990 1992
1990 1978 1993
1993 1994 1990
1995 1990 1994
1990 1995 1996
1994 1993 1997
1998 1994 1997
1994 1998 1999
1999 1995 1994
2000 1997 1993
2000 1998 1997
1993 1969 2000
1995 2001 1996
2001 1995 2002
2003 2001 2002
2001 2003 2004
2002 2005 2003
2005 2002 2006
2003 2007 2004
2007 2003 2008
2008 2009 2007
2009 2008 2010
2008 2011 2010
2011 2008 2012
2003 2012 2008
2012 2003 2005
2002 2013 2006
1995 1999 2013
2013 2002 1995
1999 2014 2015
2014 1999 2016
2016 1999 1998
1998 2017 2016
2017 1998 2018
2018 2019 2017
2019 2018 1747
1747 2018 2020
2021 2016 2017
2019 2021 2017
2016 2021 2022
2023 2022 2021
2022 2023 2024
2025 2023 2021
2021 2019 2025
2023 2025 2026
2023 2027 2024
2027 2023 2028
2026 2028 2023
2028 2026 2029
2028 2030 2027
2030 2028 2031
2031 2032 2030
2032 2031 2033
2031 2034 2033
2034 2031 2035
2035 2028 2029
2028 2035 2031
2000 1741 2020
1741 2000 2036
2036 1742 1741
1742 2036 1947
1702 1742 1947
1946 1702 1947
1702 1946 1703
2000 1955 2036
1955 2000 1969
2036 1948 1947
1948 2036 1955
2020 2018 2000
1739 2020 1741
2020 1739 1743
2000 2018 1998
1743 1745 2020
1747 2020 1745
1705 1742 1702
1742 1705 1740
1707 1740 1705
1740 1707 1738
1707 1731 1738
1731 1707 1708
1708 1730 1731
1730 1708 1710
1730 1710 1728
1720 1728 1710
1747 1748 2019
1748 2037 2019
2037 1748 2038
2039 2040 2041
2040 2039 2042
2042 2043 2040
2043 2042 2044
2045 2043 2044
2043 2045 2046
2041 2047 2039
2047 2041 2048
2048 2041 2049
2049 2050 2048
2050 2049 2051
2050 2051 2052
2052 2053 2050
2053 2052 2054
2055 2054 2052
2051 2055 2052
2054 2055 2056
2055 2057 2056
2057 2055 2058
2058 2059 2057
2059 2058 2060
2061 2060 2058
2062 2058 2055
2058 2062 2061
2055 2051 2062
2051 2063 2062
2063 2051 2049
2063 2061 2062
2041 2063 2049
2063 2041 2040
2040 2064 2063
2064 2060 2061
2061 2063 2064
2064 2040 2043
2046 2064 2043
2060 2064 2046
2065 2056 2057
2056 2065 2066
2067 2056 2066
2056 2067 2054
2068 2057 2059
2057 2068 2065
2069 2054 2067
2054 2069 2053
2070 2071 2072
2071 2070 2073
2070 2074 2073
2074 2070 2075
1719 2074 2075
2074 1719 2076
2077 2071 2073
2071 2077 2078
2079 2072 2071
2078 2079 2071
2072 2079 2080
2080 2081 2072
2081 2070 2072
2081 2080 2082
2082 2083 2081
2084 2081 2083
2081 2084 2085
2084 2086 2085
2086 2084 2087
2087 2088 2086
2088 2087 2089
2088 2090 2086
2090 2088 2091
2088 2089 2092
2083 2082 2093
2093 2082 2094
2080 2094 2082
2094 2095 2093
2095 2094 2096
2097 2096 2094
2096 2097 2098
2098 2099 2096
2099 2098 2100
2098 2101 2100
2101 2098 2102
2097 2102 2098
2102 2103 2101
2103 2102 2104
2105 2104 2102
2102 2097 2105
2104 2105 2106
2079 2106 2105
2079 2078 2106
2107 2096 2099
2096 2107 2095
2094 2080 2097
2080 2105 2097
2105 2080 2079
1724 1727 2044
2044 2108 1724
2108 2044 2042
2042 2109 2108
2109 2042 2039
2109 2039 2110
2111 2109 2110
2110 2112 2111
2112 2110 2113
2114 2113 2110
2113 2114 2115
2116 2112 2113
2113 2115 2116
2117 2116 2115
2116 2117 2118
2119 2118 2117
2119 2120 2118
2120 2119 2121
2118 2122 2116
2122 2118 2120
2112 2116 2122
2123 2121 2119
2121 2123 2124
2121 2125 2120
2125 2122 2120
2125 2121 2126
2124 2126 2121
2126 2127 2125
2127 2128 2125
2122 2125 2128
2128 2127 2129
2129 2130 2128
2131 2130 2129
2130 2131 2132
2112 2128 2130
2128 2112 2122
2111 2130 2132
2130 2111 2112
2126 2124 2133
2134 2126 2133
2126 2134 2127
2135 2124 2123
2123 2136 2135
2136 2123 2137
2124 2135 2138
2133 2139 2134
2139 2133 2140
2140 2124 2138
2124 2140 2133
2132 1737 2111
1737 2132 1736
1736 2132 1758
2109 2111 1737
1755 1736 1758
1736 1755 1735
1754 1735 1755
1735 1754 1734
1729 2109 1737
1729 1723 2109
1723 2108 2109
1724 2108 1723
2141 2092 2142
2092 2141 2143
2144 2143 2141
2143 2144 1726
2145 1726 2144
1726 2145 1727
2145 2146 1727
2146 2145 2147
2147 2145 2148
2144 2148 2145
2148 2149 2147
2149 2148 2150
2151 2149 2150
2152 2151 2150
2151 2152 2153
2152 2154 2153
2154 2152 2155
2154 2155 2156
2157 2156 2155
2156 2157 2142
2155 2158 2157
2158 2155 2152
2158 2150 2148
2150 2158 2152
2159 2153 2154
2153 2159 2160
2161 2153 2160
2153 2161 2151
2154 2162 2159
2162 2154 2156
2163 2151 2161
2151 2163 2149
2142 2157 2141
2158 2141 2157
2164 2160 2159
2160 2164 2165
2166 2160 2165
2160 2166 2161
2167 2159 2162
2159 2167 2164
2168 2161 2166
2161 2168 2163
2141 2158 2144
2148 2144 2158
2119 2137 2123
2137 2119 2117
2169 2073 2074
2074 1718 2169
1718 2074 2076
2169 2077 2073
1715 1718 2076
1719 1715 2076
1721 1719 2075
2075 2085 1721
2086 1721 2085
1721 2086 2090
1722 1721 2090
2090 1725 1722
1725 2090 2091
2091 1726 1725
1726 2091 2143
2085 2075 2070
2070 2081 2085
2088 2143 2091
2088 2092 2143
1993 1971 1969
1993 1972 1971
1972 1993 1978
1711 1684 1683
1684 1711 1709
1709 1693 1684
1693 1709 1706
167 150 152
683 684 2170
116 180 119
